Score_0	Score_1
0.19367874	0.6447309
3.9547813	7.3851194
0.19764893	0.6540442
5.973891	12.184187
1.4469578	3.3994644
0.051543236	0.31130993
3.9521565	7.7126684
7.8903885	15.424243
0.7378429	1.9363333
0.705239	2.0136409
0.10575686	0.4384841
5.235336	10.073834
3.073506	5.9510703
6.6150184	12.895605
0.03483989	0.27179444
3.2923026	6.3020263
4.7356157	9.014589
0.118474565	0.48319572
3.5142205	7.6252365
2.454379	2.3389153
3.4158692	6.7924943
7.1304145	14.821225
2.4115167	5.3555183
3.8132463	7.3664064
0.2259846	0.6808535
2.8903337	2.6316895
0.6439597	1.5625124
0.7064942	1.6632566
3.5177276	6.808023
1.764333	3.9511635
3.6554475	7.0544
2.5000138	5.092303
3.942353	7.625079
0.21921024	0.61820775
3.010139	3.583285
0.14554377	0.5318161
0.30280486	0.9053332
1.9163107	3.9111495
5.995044	11.478345
3.8838165	7.510424
2.492801	5.135279
1.8247497	3.6925359
13.14147	26.25893
7.223578	14.923459
2.4585223	4.9377923
5.421786	11.043732
9.555421	19.188278
10.128116	21.570963
0.9413754	2.4289684
0.0076941373	0.21084428
2.7634254	5.5885925
3.0387359	5.412814
0.73974	0.7642323
0.69512236	1.811063
8.833939	17.364622
-0.023488486	0.1353008
1.8384606	3.9429421
4.032421	7.917769
0.18183148	0.61693966
1.0254673	2.7389095
1.7921467	3.9824295
12.843674	25.584982
5.5817614	10.96734
4.7902503	9.0310955
1.9696194	4.248752
0.20859897	0.90882003
4.242797	3.8060946
0.13178578	0.49954262
4.32154	8.588701
5.591402	11.137499
0.65741825	1.7325695
6.6039467	12.920026
4.515044	8.881456
3.0661507	5.862189
7.7899027	15.626775
6.006628	11.624632
2.9038177	5.5864854
13.1387	24.23587
2.380892	4.677928
4.0567293	7.826646
2.5314069	4.943055
9.192362	17.98846
3.5767236	6.7112474
10.71962	21.573664
0.24653912	0.7276861
0.15188357	0.54668796
3.9286735	7.524733
4.109899	7.8501654
7.8362303	15.983111
8.231396	18.260052
12.294715	24.530588
7.2794623	14.629794
5.0584784	9.791353
7.184863	14.065615
4.368	8.544896
2.5990944	6.328333
7.2009706	14.495923
3.7154183	7.0285172
7.183699	14.413686
7.2333574	14.345006
2.3476167	4.727208
5.306605	10.380709
1.8783228	1.9122903
4.2605066	8.225838
1.7417294	3.5773892
13.585615	12.256156
8.878153	18.356663
1.9207315	4.227239
0.22429943	0.31665212
-0.03438847	0.10973165
6.8226495	6.0490084
0.8878028	1.9926533
0.31692666	0.9338455
0.96764135	1.1548
0.60327995	1.6795822
1.9779272	1.8394063
0.6295222	1.6671312
-0.046375252	0.081613086
6.205203	5.5101404
0.31828782	0.8388443
-0.046321653	0.08173885
0.15160541	0.55317265
3.4164367	3.2073007
0.2336472	0.7094451
0.02388947	0.24643986
0.012848496	0.22053997
0.17799196	0.607933
-0.0385795	0.11652362
6.145131	5.4579773
2.4831114	2.5423903
10.474143	9.217052
2.4066112	2.2116518
-0.022214865	0.13828845
9.208337	8.117896
4.800168	4.2900853
4.116434	3.6963685
0.0055354475	0.20362861
2.8941224	2.6349797
