Score_0	Score_1
-0.37381756	4.855302
-1.1710682	7.419734
-0.56466645	4.31756
-0.19296849	0.8605733
-1.3066748	8.356737
-1.7298378	4.210223
-1.4059837	7.740676
-0.7339707	5.769486
-1.2732283	6.3742323
-1.8776823	9.017697
-0.5667845	1.2703903
-1.7234552	9.281294
-1.4466616	6.4213624
-0.93393743	5.185868
-0.26327318	2.3687065
-1.0690639	5.0292144
-1.2944463	5.570306
-0.5133422	5.1203656
-3.1245072	8.734105
1.0214585	1.0477394
-1.6066663	6.6113143
-5.738296	8.6089
-3.4310555	7.5464945
-1.0911906	5.185942
-0.44054675	2.0803294
-1.269054	4.062687
-0.7946559	5.0167885
-0.032433175	2.9142992
-1.6508827	7.272971
0.17971182	2.5828865
-0.629128	4.303113
-1.4882605	8.510037
-0.7141528	9.407847
-1.3756787	7.8738923
-0.97007954	5.7371993
-1.1181072	4.6133842
0.13613692	0.9440993
-1.5475017	7.3778257
-1.4813077	7.165727
-0.7254219	9.265605
-2.3774827	7.46295
-1.0298302	5.832082
-1.2927258	4.881198
-1.8508186	18.598497
-1.2344174	5.717964
-1.877394	11.615179
-1.6112534	11.454074
-5.1305785	28.124866
-2.2584674	17.367163
-1.5158567	2.7678685
-2.0144582	0.8182564
-9.986652	9.357953
-1.6220629	4.7713976
-0.46647614	4.970251
-2.0927799	9.93162
-0.082010075	2.7175436
-0.41779476	0.48889452
-1.4866507	10.447557
0.9082411	1.0514491
-0.3301142	0.3984745
-0.533507	2.0919337
-4.1917486	10.503424
0.047003746	0.69359046
-2.1769836	12.108928
-0.95975906	6.7389464
-4.2021427	4.4371743
-0.04144635	0.48595625
-0.8673995	0.22913758
-1.1807605	8.140017
-1.386818	7.897599
-0.3162755	0.6543905
-1.0352668	8.49129
-1.5345773	8.978838
-1.9661477	5.3032327
-2.495005	14.205856
-0.9347731	8.205748
-0.99960744	5.2509394
-2.2609012	16.79009
0.49207392	0.34608406
-1.1952946	4.9721994
-2.613251	15.245554
-4.5368705	14.234045
-1.7890415	0.7907387
-0.3813652	5.9818177
-1.211532	0.41846624
-0.2975561	1.277731
-1.340131	14.187729
-1.0887247	7.664079
-2.3098006	11.362505
-3.1078632	7.76239
-3.821258	13.118628
-1.2659944	14.848602
-0.6246983	2.2512314
-0.8960721	8.832731
-8.523803	5.9337435
-14.791117	10.65218
-8.240886	14.767207
-10.976988	6.0183005
-1.831424	12.732695
-2.3075528	6.9192567
-1.3813846	12.031207
-1.5549159	11.746617
-0.54802126	3.9519095
0.47462	2.8147595
-1.0705464	8.796465
2.268849	0.389126
-7.5718207	11.814885
-0.89720404	13.505043
0.4141882	0.30708295
-0.111675546	0.96321946
0.36055985	0.45193774
0.39484677	1.3087642
-0.54003745	3.8772473
-0.40770808	1.2712263
0.79423857	0.12246008
1.1167387	0.011482048
-0.45176873	0.66612357
0.026254654	0.57090485
0.43473443	0.6434512
-0.81004953	3.9115334
0.79744816	0.69968474
1.0201324	0.58003986
0.6000462	0.4387179
-0.22850971	1.2157314
1.1460124	0.31332073
0.39528894	0.32589144
1.4585466	0.33532345
0.1614285	0.43024015
0.1230524	0.33449185
-2.8246944	0.22184423
0.26187038	0.33831626
-0.7916765	0.6232909
0.36986536	0.39297745
0.3346367	0.43053824
1.543177	0.5687633
-2.7236507	0.10819578
0.16037783	0.426385
-0.2623854	0.32018012
