Score_0	Score_1
-0.69395983	1.6374356
-2.113562	6.999536
-0.72684944	1.6534764
-2.4914157	11.577713
-2.297638	6.224716
-0.8820554	1.7754965
-2.4474425	7.407425
-1.8389673	4.47287
-0.95431536	2.6077418
-2.3435833	7.9331207
-0.1872236	1.4068012
-1.4230161	2.806544
-0.65256155	1.3288977
-1.8389673	4.47287
-0.16424568	0.32590586
-1.1977042	2.473
-1.9796032	6.8868775
-1.2019045	5.2898383
-2.120158	8.175825
-0.0045599937	0.13985853
-1.7203131	6.332143
-1.4213135	6.8473587
-2.379115	9.374682
-1.0468156	2.5670638
-0.4064433	0.9600231
0.057833433	0.9291646
-1.3427372	3.4499652
0.23373106	-0.21271348
-1.6591661	4.2418017
-0.3312905	0.8964909
-1.4340321	6.01969
-1.8106124	6.206478
-1.7839901	7.7629356
-1.1568452	5.8993673
-1.7301086	8.022142
-1.1922753	2.596361
0.11128551	0.59518325
-2.1876302	5.349387
-2.407093	6.68155
-1.7839901	7.7629356
-1.8845676	6.6989455
0.17184725	0.5058259
-3.3908627	11.902739
-3.53099	14.518951
0.22635321	0.3240208
-2.8361194	10.624804
-2.162456	5.250454
-3.6831074	11.947031
-2.162456	5.250454
0.24468155	0.18650319
0.27683645	-0.19254795
-2.4653773	4.807678
0.22712687	0.28072128
0.13797255	0.4879326
-3.818449	15.612898
0.55152184	-0.44290376
-1.0903449	3.0425458
-2.807012	10.895175
0.51138926	-0.5054156
0.553511	-0.49166623
-2.1147676	10.191777
-2.8325324	17.481236
0.13585976	0.6693611
-3.9535363	18.04121
-1.8849084	5.35974
-0.7750606	2.278371
0.1014678	0.4141821
0.5157875	-0.40363425
-2.0876393	6.1591573
-1.1981096	2.361711
-0.48577642	1.4958082
-2.3569245	5.956009
-2.1155999	10.713408
-1.4056904	2.581699
-2.913405	12.189869
-2.00175	8.651503
-0.8717772	1.7670361
-3.9482486	15.22623
0.5331522	-0.4124835
-1.6450104	5.555482
-2.6691594	10.464127
-3.710606	14.675531
-0.71745616	1.8907486
-3.0401196	14.598185
0.049457002	0.4051879
-0.16272573	0.965511
-2.903314	7.8155375
-2.1116357	8.054654
-3.6477478	15.937572
-3.154876	11.078698
-2.731705	16.370977
-2.4786613	9.194545
-1.0695164	1.8964126
-1.8989493	4.6118207
-0.998913	3.0395164
-1.7544696	4.3930035
-2.8733823	14.674756
-0.9224375	2.9758344
-3.3672593	15.364143
-2.237055	11.532404
-2.138037	6.5960174
-2.1876314	6.713256
-1.2613304	2.352899
-0.8401688	1.7234497
-2.4114559	6.8022714
0.8702198	0.9486809
-4.595376	21.655087
-2.2328188	5.294408
0.8691678	-1.1919571
0.6976592	-0.81118536
0.8565111	-1.0795752
0.52467966	-0.4496231
0.17868057	1.430993
-1.5441787	4.664438
0.6801782	-0.83620185
0.80753577	-1.0093739
0.9298302	-0.82886446
-0.07552409	0.5534066
0.44579124	-0.36209717
-0.42680463	1.0563126
0.6537365	-0.8257329
-0.042024363	0.30578527
1.1475798	-0.60228884
-0.17193271	0.54895556
0.7769043	-1.0345392
0.9295805	-1.1816466
0.84165305	-1.0620644
0.4920729	-0.1876156
0.6839489	-0.8537504
0.11339323	0.052340306
0.7735536	-0.98645127
0.06353751	0.3793478
0.8065982	-1.0375842
1.041498	-1.043504
0.7761819	-0.5560609
0.67935115	-0.21043012
0.90340996	-1.0513484
0.73775446	-0.82296455
