Score_0	Score_1
-8.986733	-0.56717396
-24.1091	-0.2048933
-3.4597497	-0.54448473
-10.375207	-0.41326827
-16.276733	-0.04283786
-2.9749293	-0.78083754
-22.132288	0.28301898
-9.671938	0.5938336
-10.983113	-1.1613175
-20.14252	0.68020284
-2.7467904	-0.91352236
-13.933093	-0.4994232
-8.754684	0.10134952
-9.635513	0.58356094
-1.3056867	-1.274801
-9.192209	-0.21586592
-13.671049	-0.49393263
-10.111032	-1.4109555
-12.558716	-0.23839378
1.8140211	-2.794805
-23.568104	0.05066519
-18.018991	-1.10419
-15.549185	-0.34513307
-13.950955	0.32724318
-1.8015153	0.07657317
-0.8892004	-1.6827211
-8.41932	-0.1620419
0.6633479	-0.7944056
-12.732673	0.3235919
0.6944746	0.33433956
-11.3967905	-0.36311883
-16.020908	0.41173944
-26.340307	0.15971832
-11.496307	-0.47682172
-7.7269335	-0.40109342
-11.857043	0.5299277
0.79414123	-1.2017939
-14.865771	-0.58823425
-14.675165	0.20629135
-26.185131	0.15293464
-10.235179	0.15275738
-6.9412713	0.53704584
-19.036804	-1.2336903
-27.664139	-0.09405041
-8.495899	-0.53197306
-15.377294	-0.27884594
-18.523657	-0.026817035
-27.076786	-0.8997196
-18.523657	-0.026817035
-8.073003	0.24319121
0.24910632	-0.6431101
-48.944427	0.16948643
-7.1509566	-0.5676298
-10.140973	-1.0148182
-14.366791	-0.27969676
-0.065253064	-0.86552036
-7.427259	0.21791749
-16.47432	-0.08164916
3.7574952	-0.6539799
-0.21786475	-1.2811663
-4.5881395	-0.787188
-19.780718	-1.5901313
-1.4444435	-2.3017514
-30.326214	0.13349906
-10.779057	0.21132886
-10.344276	-0.30114275
7.1371017	-0.64891875
-2.7917945	-1.7052844
-17.80352	0.07917185
-8.417258	-0.4047965
-0.5474564	-0.45609266
-13.490283	-0.2017047
-16.260067	-0.06307335
-16.332943	0.6184398
-30.929047	0.35250378
-13.1614685	0.014621591
-10.253893	-0.48070168
-45.146168	-0.3287487
3.957728	-2.3311687
-9.49534	0.1664594
-28.699514	-0.49154347
-17.147049	-0.83730334
-1.8892692	-0.0118326545
-13.30584	-0.7055953
-1.0787277	-0.43832746
-2.3804336	-1.8598897
-19.454222	-0.9685998
-16.165716	0.0736516
-17.13628	-0.5179709
-15.18886	-1.0349879
-16.47773	-0.20263557
-33.70672	-0.34656134
-6.96174	-0.36110428
-15.604718	-0.4646197
-13.4383545	-1.4027139
-14.934235	-1.1665131
-26.247833	-1.3550024
-18.106707	-0.18298025
-17.918833	-1.365351
-17.626268	-1.5928828
-11.323265	-0.50950944
-21.822956	0.25554258
-6.96992	0.026499152
-4.184739	-0.7199181
-15.089111	-0.00071697234
2.736875	-2.1980114
-25.725443	-0.8110083
-19.729778	-0.37522173
2.236288	-0.71814746
1.7820132	-0.5409055
1.49939	-1.3009673
0.06367099	-1.2621137
-4.6118307	-0.27084225
-7.060697	-0.5869533
0.71806395	-0.46071225
5.7528296	-0.10590024
4.294824	-0.88950044
1.3171709	-0.901278
1.8936697	-0.5693113
-4.2655215	-0.15400133
-2.1430385	-0.029601049
0.58666885	-0.6331481
4.0610228	-1.8878444
12.169123	-2.498553
3.343457	-1.0521151
7.48725	-0.49043274
3.1986938	-0.53090215
-4.76476	-0.5356487
2.782193	-0.5486338
2.6581073	-1.038489
5.405267	-0.24541707
2.2805195	-2.641383
2.1931853	-0.34822518
3.3971019	-0.69830865
0.98559654	-1.3181274
2.5376198	-0.7501852
4.701565	-0.866131
5.802734	-1.1966252
