Score_0	Score_1
-5.0034127	9.504972
-15.29487	19.482807
-8.569551	12.267397
-6.5799623	12.466385
-15.378088	19.299175
-7.9648066	8.526208
-19.980755	25.73313
-10.004225	13.136896
-10.105497	15.979309
-20.36605	23.145527
-0.880731	3.8359954
-19.032904	27.27861
-10.516113	14.356443
-6.79675	12.37575
-0.6793046	3.530798
-8.596088	12.671293
-3.0141797	6.903815
-13.594023	18.974413
-23.749643	29.024174
2.1226494	1.3795011
-13.344019	15.343831
-15.954222	20.966284
-16.229382	18.577852
-9.610706	12.926306
-0.047033142	2.1293805
-1.515876	5.0332193
-4.900042	7.916004
0.8504961	2.9995685
-14.798676	17.188694
0.8666423	1.0033821
-5.7902613	8.879837
-19.30383	24.973795
-14.739332	19.25869
-17.589489	22.028889
-16.470898	21.72096
-4.0419326	8.74692
1.6176679	1.0019507
-11.69098	15.526604
-15.2288	19.84266
-14.119519	17.661358
-17.381016	21.53851
-8.273027	12.169311
-9.31875	16.395905
-28.567648	35.453907
-6.4662995	9.669494
-13.860107	14.013649
-22.410707	29.45321
-44.133675	63.30894
-27.324139	35.17338
-5.638156	7.722172
-1.4666935	2.0151896
-24.790543	33.244415
-9.019034	11.547091
-5.013049	7.9510484
-31.940868	41.19611
0.18038142	1.6601322
1.8781588	0.5473009
-21.362534	28.019964
1.4791323	0.21617785
2.230708	-1.2099863
-5.1013284	8.200436
-27.667744	32.16677
-1.4627135	2.5023015
-25.222239	29.836706
-8.736044	12.760378
-7.988462	13.638475
2.13015	0.18225136
1.4101989	1.7788233
-13.949327	17.907963
-13.88339	20.534153
-0.2832228	2.3864923
-14.769198	19.895147
-20.82545	26.312649
-6.6379943	8.311007
-22.957891	28.789999
-10.140055	11.264097
-9.871893	12.543348
-24.602528	30.344645
5.9290075	0.08527183
-4.4321513	8.313402
-26.358067	32.863194
-27.356358	40.063732
-0.7788396	2.8314762
-27.010067	32.23519
-0.32432228	2.5733304
2.303715	0.28685993
-22.56757	29.872776
-7.892189	11.47947
-29.05664	34.228233
-15.475206	19.868067
-44.78567	58.395103
-21.648834	26.392628
-1.6706642	5.905057
-12.691099	17.28809
-12.479494	20.213612
-17.577316	25.145626
-39.467823	49.83466
-11.589455	16.586176
-29.076656	34.615364
-16.181438	19.036873
-24.228622	27.818304
-21.034164	26.943981
-4.665694	9.439457
-6.19094	7.6921096
-18.001608	24.602032
5.0658045	-2.1257415
-41.911373	53.86007
-24.600737	30.97149
2.9637485	-1.5735714
-1.1767615	2.596792
1.346758	-1.4894896
1.8390986	-0.77913344
-2.4791808	3.5167172
-4.722821	7.3946943
0.31247061	-0.10059462
7.9818053	-2.1764038
1.8180273	-1.2341442
3.2299042	-1.1069658
3.7574494	-1.6945677
-4.155302	6.870534
2.6784124	-0.32311314
2.7039208	-1.0257158
4.400108	-1.8748043
1.7986481	0.6540245
7.477617	-1.0185671
2.812969	-1.9204051
2.946931	-2.3900094
4.6215353	-0.5179658
4.593138	-2.0735662
1.4971466	0.4018933
7.070798	-1.7931912
3.7805076	-0.94488776
3.6146405	-1.7680161
2.3976066	-1.5612751
2.7896152	-2.3376145
0.13842931	0.6187488
2.2216501	-1.7033001
0.10835264	0.23045495
