Score_0	Score_1
-0.28336126	-0.10364087
-4.2284303	2.9328873
-0.63589144	0.37208104
-4.6819296	3.4009957
-3.70272	2.6338143
-1.4687401	1.0087097
-4.72767	3.2938514
-2.1451497	1.5834506
-1.0990561	0.75923467
-2.8140516	1.9225906
-0.9761772	0.61267775
-1.9538529	1.6112562
-1.5817173	1.3328102
-1.5539572	1.2015861
-0.6078708	0.21737346
-1.3176762	1.1443608
-3.457667	2.4684248
-3.506485	2.532303
-3.40941	2.45536
-0.11212657	-0.47907394
-3.1767964	2.3241353
-4.277533	2.7852607
-5.151989	3.228931
-1.1140219	0.8121139
-0.36780554	-0.21133551
-0.19330758	-0.04930047
-2.5696895	1.6691138
0.36943322	-0.9724253
-1.8741173	1.374779
-0.036328547	-0.3790501
-1.588666	1.4044993
-3.432914	2.484634
-1.7357781	0.96522486
-1.6509049	1.326145
-2.225441	1.630097
-0.6319364	0.37072456
0.003504455	-0.7196707
-2.3548608	1.7306015
-3.1523921	2.3350444
-2.284759	1.2582262
-2.7290955	2.0743961
-1.122514	0.9552766
-5.7897096	3.1749814
-5.6651483	3.2036114
-1.7256763	1.4544185
-6.697342	4.1144495
-1.9822934	1.089833
-6.0936975	3.3130898
-1.9822934	1.089833
-0.8498106	0.5521143
0.08146904	-0.70342505
-1.9097214	1.2584841
-0.780835	0.49250898
-0.8803762	0.7363577
-9.126281	6.165921
-0.38894886	-0.050970607
-1.4349272	1.0659267
-6.053584	4.062453
-0.1965433	-0.4032867
-0.02829076	-0.6114211
-3.410564	2.459334
-4.867057	2.7545333
-1.046807	0.7885868
-3.7703934	2.6293492
-1.8861897	1.5301292
-2.5619502	1.7215573
0.2681267	-0.49859858
-3.0821736	0.8949596
-2.6494355	1.9519453
-2.2104692	1.7573751
-0.54699355	0.2210891
-1.94421	1.5115992
-4.981305	3.4081712
-1.9619528	1.4828411
-5.8132243	3.6632717
-1.7467079	1.3085212
-1.8270756	1.3511384
-8.195299	4.5852427
-1.0238045	-0.28663284
-2.7638383	2.2372203
-5.562093	3.5986416
-9.428856	5.785765
-1.1447806	0.863507
-10.007504	5.4344587
-0.6173658	0.34215656
-0.03446614	-0.7006842
-4.266607	2.9564302
-6.8120713	4.44538
-9.145384	5.494093
-9.760702	6.3734055
-8.626902	5.09499
-4.3759904	2.462912
-1.1234267	0.818394
-2.4637668	1.8286301
-2.8607879	1.6451641
-2.6746998	1.7164776
-6.9311743	4.132534
-1.7480618	1.2484076
-4.2263093	2.7587113
-4.2119136	2.7448585
-3.4561143	2.3886685
-2.6492956	1.8035761
-0.1578045	-0.15086898
-1.9308869	1.5376132
-2.5587895	1.7351307
0.56301993	-2.2771885
-8.380221	5.3555202
-2.0349169	1.485844
0.47785988	-1.3174129
0.25016126	-0.8895918
0.053146243	-0.38136783
-0.46769896	0.13078047
-1.1469805	0.7817232
-1.5775747	-0.37974694
0.30611062	-0.830071
0.6335158	-1.9544071
0.30392027	-0.7354392
0.06314407	-0.70942533
0.34696192	-0.5237369
-0.21642406	-0.12425552
-0.4932382	0.13722558
0.44842958	-1.5679802
0.36089435	-1.650981
0.71042997	-1.263251
0.29299253	-0.6931881
0.88111037	-1.8611376
0.35708773	-0.96966094
-0.19913238	-0.35221142
0.13119033	-0.6864655
-0.32511887	-0.014489239
0.34965807	-1.0603397
0.03655561	-0.56047636
-0.11078044	-0.45090857
0.55823344	-1.0024924
0.4634061	-0.8170994
0.42674476	-1.1166823
0.5544416	-1.3333764
0.3137138	-1.3403839
