Score_0	Score_1
1.8541886e-18	1.0
4.5756764e-21	1.0
9.603341e-20	1.0
1.2742223e-07	0.9999999
1.0518775e-16	1.0
9.381171e-19	1.0
4.302992e-18	1.0
4.59805e-25	1.0
4.5590576e-20	1.0
5.2443613e-20	1.0
2.8420606e-18	1.0
9.526565e-21	1.0
1.4077198e-21	1.0
3.198126e-23	1.0
7.487879e-21	1.0
6.914728e-21	1.0
4.9971113e-19	1.0
6.336109e-17	1.0
1.8141495e-16	1.0
3.6747706e-19	1.0
2.5037481e-20	1.0
7.0808546e-17	1.0
2.904946e-17	1.0
3.9670676e-22	1.0
1.4561844e-20	1.0
4.5062394e-15	1.0
4.0790116e-16	1.0
5.98292e-21	1.0
9.893595e-22	1.0
4.443382e-21	1.0
3.5874836e-18	1.0
6.440311e-16	1.0
9.8201857e-17	1.0
1.5229856e-13	1.0
5.583282e-10	1.0
1.0409601e-16	1.0
6.237965e-19	1.0
2.4270355e-16	1.0
1.7330852e-21	1.0
1.4131145e-16	1.0
5.464881e-17	1.0
8.099152e-25	1.0
1.1101694e-16	1.0
2.0911482e-18	1.0
3.3082267e-24	1.0
8.9279365e-13	1.0
3.157019e-25	1.0
1.2790068e-16	1.0
3.8548833e-07	0.99999964
8.559197e-20	1.0
3.8790588e-23	1.0
5.3944113e-19	1.0
1.7637008e-17	1.0
7.0286046e-21	1.0
1.10948465e-16	1.0
9.0019045e-21	1.0
5.0287757e-20	1.0
2.3636693e-17	1.0
4.567102e-19	1.0
2.8808718e-21	1.0
3.854682e-12	1.0
7.684733e-16	1.0
1.32667305e-17	1.0
3.8114213e-17	1.0
8.7944043e-16	1.0
2.6897815e-19	1.0
1.1718628e-19	1.0
1.1507195e-21	1.0
9.021457e-23	1.0
6.977101e-21	1.0
7.207887e-15	1.0
6.466185e-23	1.0
2.7908218e-20	1.0
2.4769019e-20	1.0
9.649777e-16	1.0
7.4512307e-22	1.0
8.563087e-19	1.0
2.613299e-11	1.0
1.3657413e-24	1.0
2.3244817e-21	1.0
8.147935e-16	1.0
9.2099404e-21	1.0
3.606095e-22	1.0
3.2258864e-15	1.0
2.9275705e-19	1.0
2.4313594e-19	1.0
3.9665484e-17	1.0
2.3114494e-20	1.0
1.2613156e-18	1.0
9.1173164e-17	1.0
2.330298e-18	1.0
5.2900757e-15	1.0
4.186883e-19	1.0
2.1164344e-19	1.0
3.8327773e-19	1.0
8.3739e-16	1.0
1.775377e-19	1.0
2.824387e-20	1.0
6.023843e-14	1.0
2.2043107e-15	1.0
1.2326755e-18	1.0
1.8713726e-17	1.0
8.3400754e-16	1.0
7.145337e-23	1.0
3.3559274e-18	1.0
2.871531e-16	1.0
5.9689296e-19	1.0
1.1781889e-19	1.0
1.128037e-20	1.0
4.8536336e-18	1.0
1.6613995e-18	1.0
3.6946544e-22	1.0
4.0197295e-22	1.0
1.4540453e-15	1.0
1.4817355e-21	1.0
8.01832e-13	1.0
1.735531e-15	1.0
5.0700346e-20	1.0
1.0986251e-18	1.0
8.311506e-20	1.0
5.4494493e-19	1.0
1.859916e-22	1.0
3.507532e-09	1.0
1.298946e-22	1.0
2.3924303e-13	1.0
4.334216e-20	1.0
7.962031e-19	1.0
1.2952293e-23	1.0
3.1908955e-18	1.0
1.0124972e-13	1.0
3.0100735e-16	1.0
3.2595092e-17	1.0
1.300837e-19	1.0
4.870586e-18	1.0
9.005906e-16	1.0
3.9350816e-16	1.0
5.81442e-20	1.0
2.669731e-22	1.0
