Score_0	Score_1
0.14728901	0.852711
0.017244682	0.98275536
0.15857598	0.841424
0.099950485	0.90004957
0.10201939	0.8979806
0.11142818	0.88857174
0.008806329	0.99119365
0.073	0.9269999
0.03390911	0.96609086
0.010284086	0.98971593
0.2114464	0.7885536
0.014169577	0.9858305
0.096629195	0.90337086
0.045433342	0.95456666
0.24034233	0.7596577
0.044654243	0.95534575
0.09711097	0.9028891
0.035184532	0.96481544
0.010501296	0.98949873
0.20286313	0.7971369
0.04113689	0.9588631
0.09054987	0.90945005
0.0491656	0.9508344
0.15305415	0.8469459
0.28345197	0.716548
0.06327241	0.9367275
0.11903106	0.8809689
0.26827872	0.7317213
0.088344336	0.9116557
0.31071094	0.68928903
0.14970732	0.8502927
0.012071012	0.987929
0.019813372	0.98018664
0.021647988	0.97835195
0.109062634	0.8909373
0.13113478	0.8688652
0.3306356	0.6693644
0.039473426	0.9605266
0.013662753	0.9863373
0.011767693	0.9882323
0.039586224	0.9604138
0.30595398	0.694046
0.10491945	0.89508057
0.034410253	0.9655898
0.30404842	0.6959516
0.04955974	0.9504402
0.03429414	0.9657059
0.0016253537	0.99837476
0.04123321	0.95876676
0.23724131	0.76275873
0.252529	0.747471
0.01556198	0.98443806
0.18789718	0.8121028
0.33786246	0.6621375
0.014411876	0.9855881
0.42896333	0.5710367
0.08048947	0.91951054
0.014664707	0.98533523
0.37478903	0.625211
0.57180405	0.4281959
0.020163728	0.97983634
0.04491734	0.9550827
0.52453804	0.47546196
0.0028722691	0.9971277
0.038291108	0.96170884
0.2246668	0.7753332
0.38019824	0.6198017
0.7039383	0.29606175
0.008946096	0.9910539
0.04057736	0.9594227
0.27846044	0.7215395
0.0121483635	0.98785174
0.017844377	0.9821557
0.030579334	0.9694206
0.0025073295	0.9974927
0.04529535	0.95470464
0.207087	0.7929131
7.602037e-05	0.999924
0.4927105	0.5072895
0.10069935	0.89930075
0.0024545274	0.9975454
0.018193072	0.98180693
0.3451651	0.65483487
0.0153357955	0.98466426
0.43475905	0.5652409
0.38291416	0.6170858
0.0030604445	0.99693954
0.03033325	0.9696668
0.13032895	0.86967105
0.19005066	0.8099494
0.010605617	0.98939437
0.02552684	0.9744732
0.13475415	0.8652458
0.016629439	0.9833706
0.1334878	0.8665121
0.053225737	0.9467742
0.008311968	0.9916881
0.07551432	0.9244857
0.013452521	0.98654747
0.14513846	0.85486156
0.032685705	0.96731436
0.0064794854	0.99352056
0.12136338	0.87863666
0.19058897	0.80941105
0.020281298	0.9797187
0.64633393	0.35366613
0.0072160675	0.9927839
0.031241423	0.9687586
0.6759449	0.3240551
0.42356762	0.57643235
0.44125134	0.55874866
0.40487877	0.59512126
0.16310634	0.83689374
0.14317255	0.85682744
0.68209565	0.3179043
0.8184717	0.18152829
0.7271573	0.2728427
0.41098017	0.5890198
0.6138722	0.38612783
0.29807538	0.70192456
0.36812177	0.63187826
0.55621326	0.44378677
0.9256673	0.07433266
0.48941317	0.51058686
0.77951354	0.22048648
0.8153883	0.18461171
0.5689074	0.43109265
0.39503548	0.60496455
0.577213	0.42278695
0.7001451	0.29985484
0.70404327	0.29595673
0.5393945	0.46060544
0.52119595	0.47880402
0.7969399	0.2030601
0.69293547	0.3070646
0.7131209	0.2868791
0.56384206	0.43615794
0.8947541	0.10524587
