Score_0	Score_1
0.08283822	0.91716176
0.013565576	0.98643446
0.12695472	0.8730453
0.06553679	0.9344632
0.035201214	0.96479875
0.07553601	0.92446387
0.0065342328	0.9934657
0.09787132	0.9021287
0.030093705	0.9699062
0.008790234	0.9912098
0.2177577	0.78224236
0.011008948	0.9889911
0.21655121	0.7834488
0.07940731	0.92059267
0.21681552	0.78318447
0.04270507	0.95729506
0.05307012	0.9469298
0.035521142	0.96447885
0.010433578	0.98956645
0.3060596	0.6939404
0.029812926	0.97018707
0.09243809	0.90756196
0.054083586	0.94591635
0.12102944	0.8789705
0.2688982	0.7311018
0.047994528	0.9520055
0.13309711	0.86690295
0.27079815	0.7292019
0.06210987	0.9378902
0.35952204	0.640478
0.117580906	0.8824191
0.014897513	0.98510253
0.010602901	0.98939717
0.03250201	0.96749794
0.09565918	0.90434074
0.16537982	0.8346202
0.31365237	0.6863476
0.022692721	0.9773073
0.011684892	0.9883151
0.00734214	0.99265784
0.023639183	0.9763608
0.15589629	0.8441037
0.042321213	0.9576788
0.007755982	0.99224395
0.22522345	0.7747766
0.017410781	0.98258924
0.014527018	0.985473
0.0012059585	0.99879396
0.017069653	0.9829303
0.2959385	0.7040615
0.22351703	0.77648294
0.008853425	0.9911467
0.18706408	0.81293595
0.25360483	0.74639523
0.0051769027	0.99482316
0.4225163	0.57748365
0.19796506	0.80203503
0.005960971	0.99403906
0.4209566	0.5790434
0.59039724	0.4096028
0.0280351	0.97196496
0.07776811	0.92223185
0.49367005	0.50632995
0.002847705	0.9971523
0.06443815	0.93556184
0.18507084	0.8149292
0.46878594	0.53121406
0.65849864	0.34150133
0.006979634	0.99302036
0.03910705	0.960893
0.34531337	0.6546866
0.034639798	0.9653603
0.026606683	0.9733933
0.029231763	0.9707683
0.00089099305	0.9991091
0.050594885	0.9494051
0.19046213	0.8095379
0.00010485561	0.9998951
0.6915885	0.3084115
0.07850729	0.92149276
0.0025880155	0.997412
0.009201717	0.9907983
0.29401916	0.70598084
0.0064533935	0.9935466
0.42792472	0.57207525
0.38261873	0.6173813
0.0033211862	0.9966788
0.023227926	0.976772
0.020286161	0.9797138
0.061115284	0.93888474
0.003842	0.996158
0.012305182	0.98769486
0.20954151	0.7904585
0.023538092	0.9764619
0.09987572	0.90012425
0.021851217	0.9781488
0.0019196074	0.99808043
0.066971816	0.9330282
0.027535614	0.9724644
0.09592378	0.9040762
0.03459404	0.96540606
0.0027705312	0.99722946
0.1629065	0.83709353
0.17189674	0.82810324
0.013026479	0.98697346
0.6032624	0.39673764
0.0034777268	0.99652225
0.041711234	0.9582888
0.67579854	0.32420143
0.4969418	0.5030582
0.45874906	0.5412509
0.4412662	0.5587338
0.15979731	0.8402027
0.29496378	0.7050363
0.7012262	0.29877385
0.786775	0.21322498
0.6530379	0.34696206
0.41946808	0.58053195
0.54758775	0.45241222
0.2427874	0.7572126
0.3139227	0.68607724
0.58265835	0.41734165
0.9112827	0.08871727
0.525535	0.47446507
0.687819	0.31218106
0.78477436	0.2152256
0.59228075	0.40771928
0.30824846	0.6917515
0.5699302	0.43006977
0.69801104	0.30198893
0.8056737	0.1943263
0.63595134	0.36404866
0.5203503	0.47964972
0.79506075	0.20493925
0.6571673	0.34283274
0.74271023	0.25728977
0.53226036	0.46773967
0.8599084	0.14009169
