Score_0	Score_1
0.2429289	0.75707114
3.8231402e-08	1.0
0.18486102	0.815139
0.019386578	0.9806134
0.0013103618	0.99868965
0.006987152	0.9930128
3.8108225e-05	0.99996185
5.9314072e-05	0.9999407
0.005329046	0.994671
2.8198016e-07	0.9999997
0.17648605	0.82351387
0.00023319463	0.9997667
0.0024237004	0.99757636
6.508979e-05	0.999935
0.20945665	0.7905434
0.012457483	0.9875425
1.8540565e-08	1.0
3.33313e-05	0.9999666
1.0908857e-07	0.9999999
0.51992947	0.48007053
0.00033649488	0.99966353
0.00080739474	0.9991926
0.015892586	0.9841074
1.12112555e-10	1.0
0.23856798	0.76143205
0.077389576	0.92261046
0.001185862	0.9988142
0.2709785	0.72902143
2.792059e-05	0.99997205
0.30104816	0.6989519
2.2536009e-05	0.99997747
5.376368e-07	0.9999994
6.6136536e-08	0.9999999
0.0016285216	0.9983715
0.00029085664	0.9997091
0.04110039	0.9588996
0.9923275	0.0076724803
0.0008868442	0.9991132
4.156438e-06	0.9999958
7.513656e-08	0.9999999
0.041869342	0.95813066
0.00056076405	0.99943924
1.529717e-06	0.99999845
5.0121e-09	1.0
8.712168e-05	0.99991286
0.0038704094	0.99612963
1.5338006e-05	0.99998474
3.6461084e-10	1.0
1.5338006e-05	0.99998474
0.20741463	0.7925853
0.110244706	0.88975525
9.7594565e-08	0.9999999
0.024013575	0.97598636
0.0013766311	0.9986234
3.626376e-06	0.99999636
0.86338484	0.13661517
0.00034110047	0.99965894
1.4399542e-05	0.9999856
0.6949835	0.30501655
0.38728482	0.6127151
2.8672104e-05	0.9999714
0.0011229592	0.99887705
0.0015111779	0.9984888
1.7331425e-12	1.0
0.00083536765	0.9991646
0.15261841	0.8473816
0.51906675	0.48093325
0.9997152	0.000284692
0.00016208751	0.999838
2.4020343e-05	0.999976
0.0012574077	0.9987426
0.0023515362	0.9976484
5.4070115e-06	0.99999464
0.00010780625	0.99989223
1.617568e-10	1.0
0.0020882487	0.99791175
8.7558015e-05	0.99991244
3.5266778e-20	1.0
0.83809626	0.16190383
0.00031501832	0.99968493
2.4418483e-08	1.0
5.9994226e-10	1.0
0.00029270304	0.99970734
3.793792e-12	1.0
0.026595345	0.9734047
0.21787846	0.78212154
0.00012792196	0.999872
0.0003429488	0.99965703
0.00015687136	0.9998431
0.029004779	0.97099525
2.0180416e-05	0.9999798
1.4252097e-08	1.0
0.46609473	0.53390527
0.0006621598	0.9993378
8.649355e-06	0.9999914
0.0040980484	0.99590194
3.778896e-08	1.0
0.016407587	0.9835924
9.007901e-07	0.99999917
0.021215642	0.9787844
0.0007120848	0.9992879
1.0549713e-06	0.9999989
0.043290824	0.9567091
0.0030177268	0.9969823
3.1343896e-07	0.9999997
0.8157402	0.18425986
7.2774498e-09	1.0
1.0014276e-08	1.0
1.0	4.0552575e-09
0.3988227	0.60117733
0.95895356	0.041046426
0.39616132	0.6038387
0.13694555	0.86305445
0.13748507	0.862515
0.8159014	0.18409869
0.9675373	0.032462727
0.97752124	0.02247874
0.65440905	0.345591
0.4424931	0.5575069
0.17588858	0.82411134
0.3746411	0.62535894
0.9963714	0.0036287005
0.9385107	0.061489325
0.5971077	0.40289226
0.9948333	0.0051666913
1.0	7.6282744e-11
0.96234953	0.03765043
0.44104528	0.5589548
0.6524618	0.34753817
0.7635731	0.23642683
0.99977666	0.00022336983
0.85622823	0.14377183
0.99938023	0.000619823
0.9950368	0.004963182
0.9902239	0.009776028
0.5114066	0.4885934
0.84077024	0.15922982
0.99820644	0.0017935665
