Score_0	Score_1
-0.31230804	0.37833348
-4.423967	4.9386797
-0.0238583	0.013102127
-4.663333	4.881484
-4.0500746	4.0753446
-9.268286	10.471793
-4.209943	4.6152906
-4.9439917	4.9214444
-0.6383031	0.8052171
-4.289196	4.266826
-1.8896449	2.2342074
-3.6234043	3.9310966
-3.4683907	3.786616
-4.307029	4.72972
0.029117245	-0.06034231
-3.2981038	3.4139023
-3.609232	3.5424628
-0.04372824	0.09085402
-4.360343	4.471776
-0.3525992	0.3704824
-2.9456613	2.8766122
-1.6927353	1.8453186
-0.982769	1.0862446
-1.931524	1.9973809
0.0575275	0.02879644
-4.0969415	4.682257
-0.28268057	0.2843988
-0.011823209	-0.012784216
-2.7267494	3.0950718
-0.5625752	0.63380635
-4.4893346	4.7424064
-4.224223	4.6658125
-2.8636615	3.0767975
-0.178108	0.2856328
-0.43111572	0.63989943
0.008900608	-0.012901691
-0.019265521	0.030737584
-3.9664466	4.2006445
-5.791411	6.391654
-3.8154664	4.136571
-3.8382595	4.10159
0.008399159	0.009428347
-5.22571	5.765465
-8.141915	9.267664
-0.03619554	-0.0050330823
-5.867284	6.6294813
-5.6631794	6.503151
-5.559061	6.223904
-4.870384	5.354484
0.0652158	-0.01904181
-0.14668283	0.14219914
-3.5238662	3.866489
0.01820381	-0.014486584
-0.0060771345	-0.0017154918
-7.649829	8.642887
0.0048050433	0.014956376
-2.9290562	3.1455605
-9.753489	10.94065
-0.2240212	0.18020037
-0.057711758	0.055904966
-2.347459	2.6162107
-4.214063	4.4629707
-4.635617	5.0304337
-5.224467	5.407036
-3.2471547	3.5917804
-2.9929872	3.4885108
-0.26163372	0.31277952
0.016871158	0.004514885
-3.0680196	3.4160514
-4.562342	4.797415
0.019043412	0.010692755
-3.8464627	4.63633
-3.9155095	4.120448
-1.3626641	1.5686843
-8.173713	9.15717
-1.9419628	2.0179393
-3.9830985	4.395811
-7.3487487	7.8925653
-0.43820542	0.44768414
-3.3441868	3.5920875
-8.802429	10.019315
-8.6782055	9.846253
-2.6760926	2.7792754
-4.4634833	5.065341
0.02628969	0.010504538
0.06105118	-0.029024616
-8.133021	9.177374
-5.174841	5.4677467
-7.5422773	8.398766
-5.6449513	6.474677
-5.300088	5.6867495
-4.230094	5.0829916
-3.7078865	3.9673939
-5.932454	6.7400565
-4.556436	4.644437
-3.3387501	3.5664043
-3.534202	3.6870587
-1.5804771	1.4245737
-7.1410995	8.309325
-3.5941796	3.6271253
-5.527089	5.8565645
-1.3450729	1.4017805
0.023749243	-0.030155858
-3.9173856	4.506842
-3.8633938	3.9762955
-1.3801395	1.4243702
-6.664212	7.28057
-3.7076466	4.000333
-0.033799566	0.017752679
0.0699198	-0.034563832
-0.013078915	-0.017934514
0.047601838	0.00699728
0.04552154	-0.051765155
-8.5606165	9.731226
0.10032682	-0.034359854
-0.6276971	0.79779756
-1.0240824	1.0828315
-0.014210941	-0.00813185
0.01567389	0.018579874
-0.031968534	0.00045895128
-0.3298784	0.2953404
0.082605496	-0.040009618
-0.8273775	1.0434467
0.014424838	-0.006226957
-0.08387245	0.16500977
0.005981849	0.019331854
0.02238498	-0.012000655
-0.1303473	0.2368275
0.093388714	-0.05064228
-0.009316513	-0.007587719
-2.1934862	2.342837
0.0123398425	-0.028205473
0.028661648	-0.043235965
-0.95332515	0.9112407
-0.13333583	0.11432419
-0.5846547	0.74364823
-0.01649926	0.0068538487
0.01010098	-0.009540987
