Score_0	Score_1
-1.3072001	1.2733989
-2.8958907	2.7909935
-1.0954453	1.0659574
-1.5692971	1.5134525
-1.0555073	1.0146269
-2.198874	2.1163983
-3.062757	2.8756566
-1.3746367	1.3056107
-1.7036331	1.650223
-3.045203	2.8855116
-0.956289	0.9491209
-1.1127493	1.0834553
-0.25914225	0.26955906
-1.338087	1.2863357
-0.28345934	0.29798046
-0.6847063	0.67589974
-1.4573452	1.3693607
-3.2204213	3.065506
-1.3837386	1.3453478
-0.70900404	0.7032053
-2.0795856	1.9415686
-1.7383425	1.7007763
-2.3492146	2.2584991
-0.4794601	0.50390565
-0.97575057	0.93627036
-1.4602613	1.434485
-2.1650724	2.0800815
-0.22132364	0.22883677
-0.7494691	0.75227326
-0.5331367	0.55499685
-2.0872643	1.8907772
-2.051496	1.9602621
-2.2908263	2.194251
-1.5561655	1.505475
-2.6439388	2.5225005
-1.0195712	0.9688331
-0.61488664	0.61972463
-2.658332	2.5476668
-2.0335507	1.9548795
-2.7522187	2.583337
-0.7833842	0.7601416
-0.27673548	0.28533044
-4.1748505	4.008428
-5.271747	5.0221353
-0.31846738	0.31465143
-4.101496	3.8964965
-1.9023815	1.8361514
-4.0368943	3.8442917
-1.8507226	1.7679287
-0.124720134	0.14150171
-0.34169587	0.34646574
-1.822979	1.7273146
-0.30425432	0.31184226
-0.12595159	0.15626541
-4.464807	4.2416945
0.043637134	-0.0098349275
-0.7668716	0.76507396
-3.330172	3.1940722
-0.7149116	0.70656407
-0.59549445	0.6142458
-2.2601743	2.127462
-2.640878	2.542375
-0.109290205	0.10226643
-5.025909	4.795382
-0.7709166	0.7373808
-0.78306067	0.75103897
-1.2832668	1.2669727
-0.05628922	0.08839744
-2.834725	2.6805408
-0.4954714	0.52390504
-0.4336161	0.44362682
-2.2968004	2.1781297
-1.8682572	1.71689
-0.44414514	0.4262773
-4.8194876	4.517366
-2.2959797	2.181493
-0.10868086	0.13236544
-4.397678	4.171562
-0.46383077	0.44787773
-1.163074	1.1190634
-4.9163384	4.7227597
-4.1642275	3.96288
-0.15425567	0.18126248
-3.9971237	3.8302028
-0.08490056	0.09802568
-1.0050778	0.9793083
-3.8028183	3.6512847
-1.3683752	1.3088214
-4.04443	3.8570466
-4.289732	4.082835
-3.3822238	3.2064018
-3.4891477	3.2983527
-0.45473862	0.44651753
-3.0067716	2.8682945
-1.3421905	1.2762606
-1.6748903	1.5757518
-2.7652323	2.634355
-1.3429801	1.2597249
-5.3184247	5.046724
-2.8301568	2.707124
-3.252442	3.138022
-3.0276895	2.8695562
-0.6261033	0.59059036
-0.1720278	0.19001558
-2.742146	2.5972295
-0.52434427	0.5364866
-4.416696	4.207775
-1.9144051	1.8082157
-0.00047748088	0.017497499
-0.10411517	0.1062935
0.09778482	-0.066229865
-0.0876438	0.11571197
-0.8469927	0.82593554
-3.0477962	2.9238658
0.12931606	-0.10187677
-0.70379984	0.69908553
0.101741835	-0.081046425
-0.5097369	0.50295836
-0.06142043	0.07806671
-0.24692595	0.24754806
-0.19961064	0.21396291
-0.09222029	0.10101394
-0.66003734	0.664018
-0.3304	0.33667475
-0.032031704	0.057426386
0.088449925	-0.063667186
-0.0114071965	0.039602973
-0.29383865	0.2941311
0.057343375	-0.015662193
0.12357426	-0.08264587
0.025941264	0.0029448748
-0.16624479	0.18666801
0.08737755	-0.052485563
0.06699946	-0.03526274
0.13164341	-0.10796317
0.055666067	-0.03197649
0.028420523	0.0019084632
0.21793947	-0.18669064
