Score_0	Score_1
-0.625996	0.82725227
-0.57970273	0.7385278
-0.58633345	0.7336103
-0.58129895	0.72057116
-0.59869945	0.7574402
-0.56350744	0.72824574
-0.58575946	0.73776466
-0.5982445	0.7559861
-0.6223844	0.8053961
-0.58660614	0.73281205
-0.61297536	0.78863794
-0.5402033	0.7022191
-0.5365356	0.66308224
-0.5610607	0.69944894
-0.6167153	0.791493
-0.6180091	0.77852327
-0.604949	0.7799328
-0.60706925	0.77594346
-0.57706946	0.7217476
-0.6122918	0.7639972
-0.59067214	0.75302935
-0.5780379	0.72446936
-0.57388294	0.73683935
-0.6329998	0.79174805
-0.5846489	0.750138
-0.5641268	0.7069743
-0.5846503	0.76231134
-0.58048666	0.74712574
-0.6101879	0.78381115
-0.57679516	0.7269796
-0.6186528	0.78896713
-0.6094843	0.7638055
-0.58520514	0.74671614
-0.5735706	0.70909184
-0.60475093	0.7682658
-0.620329	0.7871876
-0.5993892	0.74842376
-0.60239965	0.76753116
-0.58618367	0.7350481
-0.542982	0.7031536
-0.59668946	0.72507924
-0.58195645	0.7459469
-0.5681316	0.7289176
-0.63248974	0.78598917
-0.6108878	0.77940404
-0.58457243	0.7524657
-0.60523635	0.75935423
-0.5894915	0.7350486
-0.6042926	0.7668439
-0.57902247	0.74711394
-0.62113225	0.7706554
-0.58771527	0.7653714
-0.58679163	0.75275314
-0.58061916	0.7467307
-0.6295208	0.7989634
-0.5968173	0.7675278
-0.5835892	0.7382343
-0.6201285	0.79045945
-0.6140119	0.7609197
-0.5572888	0.7243686
-0.57558954	0.7312387
-0.58050644	0.7041098
-0.56482697	0.726133
-0.58131236	0.72887915
-0.5717496	0.7413891
-0.5712389	0.7338184
-0.5934444	0.76282305
-0.564	0.7090951
-0.5719738	0.73181945
-0.5973902	0.7612282
-0.5573659	0.711488
-0.5834034	0.73479897
-0.57528555	0.7263228
-0.6013351	0.769507
-0.5916379	0.7620152
-0.5856141	0.7257812
-0.6041896	0.7885086
-0.60509336	0.75933516
-0.58814275	0.7432354
-0.6015935	0.7694532
-0.5815814	0.71974397
-0.57824796	0.73023665
-0.6142206	0.77145207
-0.5777424	0.72887963
-0.5742171	0.7262083
-0.56251556	0.727684
-0.5828292	0.7526448
-0.56041944	0.7259014
-0.5902807	0.7299281
-0.6180552	0.793574
-0.55380976	0.70593375
-0.6194435	0.76264745
-0.57706815	0.7352573
-0.5475506	0.7029835
-0.5680467	0.71698266
-0.5548612	0.7139021
-0.584216	0.72330964
-0.5941087	0.7665021
-0.62401927	0.78453654
-0.5746681	0.702998
-0.5644487	0.7000767
-0.62268585	0.77677584
-0.5777911	0.7335839
-0.6192853	0.7584609
-0.62862474	0.7954293
-0.59315056	0.7411175
-0.56854075	0.7213882
-0.6101011	0.7736691
-0.54749453	0.6970097
-0.61736596	0.7560135
-0.59697115	0.76287967
-0.56247103	0.7045918
-0.59341234	0.7595066
-0.6007389	0.7660615
-0.5831987	0.7175364
-0.5578039	0.718287
-0.5987247	0.76169723
-0.58350736	0.7297705
-0.5987471	0.780673
-0.6009253	0.76280004
-0.59443605	0.7647766
-0.6104005	0.78617656
-0.5838762	0.74060047
-0.57577074	0.73121816
-0.59415597	0.7654974
-0.5764559	0.71922725
-0.5898695	0.7356771
-0.6004084	0.7698553
-0.6170813	0.7741561
-0.5760502	0.732869
-0.58904326	0.75976044
-0.5909075	0.7447468
-0.58171856	0.7306178
-0.63642454	0.78939927
-0.60264987	0.77419865
-0.5875199	0.7455149
-0.5959007	0.7548054
-0.58315134	0.75179446
