Score_0	Score_1
-0.67696697	0.6294609
-4.010489	3.516541
-0.08649824	0.057960145
-5.6528845	5.1775694
-5.1026053	4.6008263
-1.0254892	0.9263256
-3.4320629	3.1124713
-1.2381262	1.0863369
-0.5209813	0.47146374
-3.2047334	2.9325087
-0.3760156	0.3423628
-0.9717717	0.8976871
-0.072355404	0.044615515
-0.81916887	0.74369115
-0.32069454	0.30160254
-0.3035447	0.28582174
-2.6564872	2.3820705
-2.6025476	2.389772
-1.5335699	1.3867266
-1.7842919	1.6397419
-2.0439172	1.8633616
-2.74898	2.496009
-2.522635	2.1807683
-0.1236953	0.08928271
-0.17806044	0.1530982
-1.6975603	1.5510105
-1.2419494	1.1867129
-0.44803602	0.43035597
-0.7670382	0.69689226
-0.4898849	0.473406
-1.3892587	1.2885647
-3.9219215	3.5819771
-5.411634	4.9001346
-1.4860235	1.3848976
-3.2867637	3.0137177
-0.3311765	0.2878601
-1.3154154	1.2360233
-1.0489221	0.95229036
-2.582704	2.3671138
-5.3553267	4.8356924
-3.7866807	3.502163
-0.09966651	0.06692885
-7.9544897	6.9718385
-4.100629	3.7073765
-0.20428567	0.18333982
-6.919225	6.314162
-2.6104972	2.3579218
-5.1637917	4.509365
-2.9744241	2.707704
0.013787729	-0.046985827
-0.119348526	0.107886985
-1.1764979	1.0724719
-0.2797509	0.2617296
-0.08375327	0.06355041
-3.5091407	3.2960522
-0.0028739213	-0.029844478
-0.7025814	0.6629367
-3.1302412	2.9409208
-0.3679151	0.33636925
-0.014164643	-0.012237859
-2.6898394	2.4033191
-0.8758003	0.7327148
-0.061489366	0.026309121
-3.3500118	3.0622232
-0.8822037	0.76313937
-1.8007605	1.6108757
-1.0145406	0.92944086
0.0076937536	-0.04089337
-1.6878605	1.5331277
-0.31620964	0.2444069
-0.37904596	0.35647002
-2.2845707	2.0879583
-3.578024	3.16322
-1.22132	1.0502975
-5.937603	5.36901
-0.53871065	0.45129147
-0.028080488	0.0034763725
-11.272835	10.030122
-0.6469569	0.5307985
-2.4290726	2.0556214
-4.3491874	4.050805
-1.9853411	1.7986876
-0.28716654	0.2736969
-1.5193857	1.3443488
-0.36583233	0.3595695
-0.4973484	0.4523119
-4.144171	3.6820693
-10.586452	9.405594
-6.001704	5.4110594
-6.6429377	6.068415
-4.9237156	4.295222
-5.8018713	5.276932
-1.1054974	1.008087
-1.4092932	1.3232337
-0.15323035	0.13450739
-0.43578863	0.35328415
-4.067796	3.7179139
-1.0659077	1.0108588
-4.997861	4.640957
-3.3107457	3.0293922
-1.3010454	1.2296245
-6.872355	6.243338
-0.44767547	0.3953846
-0.28543434	0.24742086
-1.6217788	1.5167713
-0.054900624	0.03212259
-5.689977	5.142662
-2.1499963	1.9814898
-0.04111084	0.00529474
-0.5895532	0.5923773
0.0920128	-0.1292743
-0.15491296	0.120377995
-1.2576905	1.1826092
-3.2285843	2.9509466
-0.23691335	0.20693369
-0.21445593	0.18260834
-0.023959307	-0.010719014
-0.08680171	0.062132716
-0.09464467	0.046185203
-0.24365613	0.22983873
-0.47652978	0.43173113
-0.11462013	0.09320027
-0.06714924	0.043115243
-0.9090719	0.8273277
-0.17111588	0.14698276
-0.055897094	0.025991311
-0.02143921	-0.0116893975
-1.0608207	1.0050913
-0.0038490803	-0.025506675
0.088310555	-0.11990063
0.061313175	-0.09972347
0.07490151	-0.11038856
0.013589422	-0.05763827
-0.14565101	0.12106302
0.06645124	-0.10552935
-0.040256687	0.008829089
0.018629694	-0.05260413
0.10062949	-0.14559372
