Score_0	Score_1
-0.695209	0.5898411
-0.6389226	0.5569884
-0.70407087	0.61047125
-0.66279185	0.5800301
-0.66834044	0.5787108
-0.6731913	0.6055004
-0.6853144	0.5946
-0.6873454	0.61024314
-0.69826186	0.593437
-0.68214804	0.574936
-0.7014886	0.5924208
-0.69757324	0.5839381
-0.6251196	0.5160799
-0.6659821	0.59832215
-0.6736076	0.580869
-0.67118865	0.5901448
-0.6928536	0.60071105
-0.70768714	0.615557
-0.7059406	0.6220378
-0.71410406	0.61582977
-0.65628064	0.55159694
-0.6216603	0.53306013
-0.6344441	0.5457844
-0.6710924	0.6103729
-0.63893086	0.55725265
-0.6797504	0.5850121
-0.68060017	0.61291873
-0.65421593	0.5864984
-0.64403117	0.5700272
-0.67882466	0.5870504
-0.7156803	0.62576306
-0.6909985	0.5901331
-0.7014619	0.5975271
-0.7328929	0.667562
-0.7518152	0.6374601
-0.6651548	0.5868452
-0.66569614	0.58858675
-0.6851411	0.59706086
-0.68675095	0.61866724
-0.6972352	0.59501207
-0.6698026	0.5615631
-0.73580897	0.66330016
-0.661428	0.5613991
-0.7198844	0.62952554
-0.6771517	0.5821788
-0.7201601	0.6395397
-0.63278836	0.53744173
-0.6457384	0.56970996
-0.6996264	0.6118334
-0.67441887	0.578803
-0.65888655	0.57564485
-0.6663271	0.5786118
-0.6550904	0.59035593
-0.66471404	0.5926001
-0.6276444	0.5326691
-0.6760775	0.5739668
-0.7057713	0.600721
-0.6612621	0.57453346
-0.72434187	0.66275597
-0.6463233	0.5730003
-0.7058011	0.61188334
-0.7108971	0.61353695
-0.6499049	0.5798084
-0.6659674	0.577717
-0.67550075	0.5913917
-0.63241	0.55501455
-0.6760001	0.57215047
-0.66163135	0.5801346
-0.6906972	0.59765214
-0.73864585	0.6181364
-0.70025766	0.60564667
-0.64302427	0.57006806
-0.68667996	0.58930075
-0.6796032	0.579716
-0.67647654	0.58830804
-0.6996304	0.57920855
-0.69444025	0.5925045
-0.6323954	0.5374015
-0.6391918	0.53610885
-0.70706254	0.6055347
-0.7033583	0.57185805
-0.6707774	0.5794002
-0.7598165	0.66383505
-0.6812093	0.6074939
-0.7360843	0.63595676
-0.73807025	0.6280735
-0.68984056	0.61941177
-0.6948902	0.60625935
-0.7315428	0.6242474
-0.6801919	0.59607923
-0.6997693	0.5991827
-0.6420077	0.54695165
-0.6591353	0.5891664
-0.6884078	0.5922611
-0.67949677	0.59131145
-0.67665774	0.59543395
-0.7166083	0.6144988
-0.66874903	0.55155545
-0.6679304	0.587392
-0.6934738	0.5853418
-0.6956279	0.60503066
-0.65852296	0.5719553
-0.64512527	0.58056575
-0.61882395	0.5653376
-0.70765346	0.6283181
-0.68363917	0.5983782
-0.68777156	0.5809892
-0.7258588	0.6190485
-0.6304259	0.55771935
-0.66393316	0.5946872
-0.6486177	0.5979646
-0.6253275	0.56050533
-0.6466746	0.5516469
-0.70058054	0.62636817
-0.67397743	0.58714265
-0.68900716	0.6115664
-0.68548566	0.5959318
-0.7229401	0.6165805
-0.6904337	0.63049424
-0.6880122	0.59963197
-0.67935026	0.58977187
-0.70105416	0.60962784
-0.707175	0.61390936
-0.7012045	0.6090406
-0.66333413	0.6101131
-0.69719344	0.6301878
-0.6820854	0.55980426
-0.7113018	0.6127595
-0.6473136	0.58483726
-0.6699111	0.59607553
-0.62762344	0.5484869
-0.6616271	0.5428604
-0.6678076	0.5705549
-0.6498187	0.5858976
-0.6872056	0.6087723
-0.68397725	0.57924235
-0.67547804	0.5600282
-0.712796	0.61355543
