Score_0	Score_1
-1.1689221	1.1128944
-2.8871205	2.8815067
-0.9349394	0.89465845
-2.3734965	2.225256
-3.164172	3.0381274
-1.787174	1.7187774
-3.1782212	3.1117084
-1.0938486	1.0301273
-2.5495756	2.3254786
-2.896131	2.7417078
-1.558814	1.5628885
-1.7944927	1.7442305
-1.9008324	1.9350506
-1.1296985	1.1394126
-2.7188258	2.604259
-1.6644094	1.6221073
-0.84527093	0.8506651
-1.534363	1.5123818
-2.0445561	1.8272831
-1.2115378	1.0548451
-3.8677154	3.5967553
-3.2886474	3.1783428
-3.4940102	3.2897072
-1.2691076	1.0997822
0.5527967	-0.41120926
-2.600217	2.4252548
0.03585737	0.03664001
-0.7209326	0.70924723
-1.6626351	1.4461197
-0.27458134	0.37387526
-2.1521716	2.1629276
-2.8718631	2.8116417
-4.7250023	4.5876303
-2.1419756	2.078053
-0.9658677	0.90221703
-1.5321856	1.5189234
0.24710259	-0.14623468
-2.0869124	2.0727818
-2.433601	2.3903413
-3.7392888	3.630397
-1.5624404	1.468738
0.5411915	-0.34393454
-3.3805642	3.2623677
-3.481358	3.3708005
-0.3453655	0.3297978
-2.9309509	2.8053837
-2.551837	2.6367095
-3.9568856	3.8650737
-1.9049959	1.8852535
0.06576684	0.001569426
0.3581702	-0.21557817
-4.0830507	3.973143
0.054437406	0.019224241
-0.97730887	0.884054
-1.6200641	1.5451753
-0.92652446	0.92996633
-0.97532064	0.9610057
-1.3759469	1.3558053
0.439507	-0.2609933
0.26756614	-0.14630006
-2.7455263	2.7228687
-2.927808	2.8249257
-0.807117	0.7995346
-4.0385523	3.9272683
-1.7996086	1.8026584
-2.2860763	2.1753147
-0.24155696	0.28292173
-0.65412444	0.6170196
-2.3942935	2.3200786
-1.3742957	1.2530439
0.17182311	-0.072453
-1.8238595	1.8517773
-1.6426284	1.6075275
-2.9429574	2.9750755
-3.7228332	3.590905
-2.1014886	2.0284774
0.056649506	0.024756502
-4.146468	4.17866
-0.7695446	0.7983125
-1.5843284	1.6001225
-3.3060162	3.117217
-3.3868694	3.3460903
-0.1312874	0.12955634
-1.7340775	1.6616226
0.39865214	-0.2670482
0.13908838	-0.06303362
-3.5167496	3.2968698
-4.1977396	4.0547466
-3.0720668	2.9221404
-3.371386	3.161665
-2.6807914	2.5768611
-3.4477468	3.3649552
-1.5916424	1.5720409
-2.906739	2.909876
-3.2193985	2.9970374
-3.6728446	3.4740455
-3.3778534	3.403539
-3.314282	3.1394174
-3.188435	3.0169768
-3.3587475	3.2477374
-0.5505597	0.48036647
-3.6735444	3.6941094
-2.563438	2.424086
-0.90859807	0.9459097
-2.8983397	2.926448
-1.7607212	1.7354532
-3.729321	3.588401
-3.7706268	3.6114116
0.5504987	-0.39877716
0.46143118	-0.3300882
-0.12183012	0.16187109
0.43282136	-0.29234713
-0.65616083	0.67244834
-2.6589756	2.6114552
-0.27924672	0.25673872
0.4227647	-0.32924366
0.3626897	-0.24061158
0.63752204	-0.42709583
0.26520458	-0.15641075
0.31728882	-0.20174035
0.2646487	-0.09061534
-0.44267878	0.44504747
0.054059707	-0.000102114675
0.845044	-0.621502
-0.21321781	0.21528435
0.70321006	-0.49889833
0.5450555	-0.3761105
-0.40676254	0.42908296
0.321837	-0.20746799
-0.46531066	0.51545066
-0.07331282	0.13124752
0.010335478	0.028007064
0.63017285	-0.44942823
0.33526808	-0.22735915
-0.29772353	0.33092338
0.35099334	-0.23497482
0.43830627	-0.28736773
0.29893216	-0.20033744
