Score_0	Score_1
-1.801149	1.5886562
-8.042605	6.866868
-1.4146869	1.2506673
-9.353242	8.006798
-8.394222	7.304553
-2.0630019	1.7969145
-9.289293	7.9505167
-4.9861317	4.331371
-2.6791592	2.3721786
-8.169511	7.0949707
-1.599196	1.3540698
-3.3589196	2.9491403
-1.3138762	1.209296
-4.9861317	4.331371
-0.2628681	0.21186487
-2.3763623	2.1891122
-6.2643824	5.245031
-5.1080885	4.3235884
-7.1987205	6.0718803
0.57675195	-0.5753969
-6.878166	5.8506966
-6.5899076	5.6317034
-8.263713	7.0030603
-3.0026455	2.6085393
-0.49242172	0.4430484
-0.42152524	0.40587306
-4.2611914	3.6949737
0.7005924	-0.7020174
-5.4811897	4.734445
-0.92123395	0.83162546
-4.0826125	3.4768417
-7.305636	6.213372
-10.82085	9.352144
-4.37151	3.6675453
-7.1134887	6.0305734
-2.549265	2.2411377
0.2244643	-0.23772201
-6.7570105	5.9281397
-8.488272	7.2896247
-10.82085	9.352144
-7.2109957	6.1502676
-0.62332845	0.5303005
-10.797942	9.303878
-12.802142	11.069611
-0.51364076	0.4532568
-12.356264	10.631891
-6.9370246	6.0707293
-10.612292	9.127585
-6.9370246	6.0707293
-0.25724393	0.20622244
0.5357492	-0.52219474
-5.074918	4.266009
-0.4973517	0.41870642
-1.1553609	0.9808053
-12.615942	10.636026
0.85000753	-0.82468975
-3.0923407	2.6295629
-11.205692	9.53951
0.3323905	-0.34221575
0.9620986	-0.94134825
-8.396233	7.1073165
-11.220797	9.433264
-0.82486314	0.6593957
-11.335872	9.753891
-6.265215	5.4111114
-3.0016992	2.541469
-0.33117554	0.246847
0.33701345	-0.33675203
-7.6642404	6.6418366
-3.7091308	3.2663875
-1.3939915	1.2448639
-7.6934786	6.654503
-8.646442	7.3665323
-3.8672652	3.3889346
-12.468051	10.758467
-6.8286653	5.8413477
-2.166987	1.9338795
-6.4617524	5.6351643
1.3564827	-1.3463006
-4.9147754	4.2029524
-12.03967	10.322629
-11.376978	9.767839
-2.857862	2.5011563
-10.244016	8.571187
-0.6456932	0.58288544
-1.3087156	1.1384373
-10.691908	9.238774
-7.5398703	6.503005
-12.80885	10.892856
-10.978206	9.360409
-12.625245	10.724234
-13.996074	12.147057
-1.2903335	1.2639139
-7.098897	6.2391458
-4.059045	3.529023
-5.4569535	4.7142344
-11.194572	9.648766
-3.6465771	3.0339406
-13.810756	11.742182
-9.123806	7.754701
-8.702512	7.5073547
-9.762103	8.437525
-2.3646913	2.0919948
-2.6528838	2.2680335
-9.304853	8.033438
0.8851551	-0.91741943
-13.6940155	11.723715
-6.3634653	5.625848
1.1508316	-1.1356198
0.74515253	-0.72436273
1.0862087	-1.0631422
0.44544768	-0.40892562
-0.5897947	0.49606118
-6.564124	5.661582
0.776655	-0.75412583
1.2672166	-1.2571814
0.8057636	-0.7904607
0.728113	-0.7147378
0.40216675	-0.41963306
0.15244164	-0.11831309
0.8822775	-0.8632852
0.6978005	-0.67564064
2.4113677	-2.4586542
0.6169628	-0.614925
1.130345	-1.1233906
1.6040694	-1.5923669
1.2060125	-1.1852891
0.6851797	-0.67872405
1.1350601	-1.1221845
0.6315526	-0.6148566
1.303558	-1.2898277
0.42373103	-0.4227528
1.0716643	-1.0535803
1.5465043	-1.525766
0.62112343	-0.6087121
0.6463229	-0.64060146
1.1499212	-1.1224886
1.1218699	-1.1058137
