Score_0	Score_1
-2.0048702	2.4524796
-9.733135	11.639212
-1.1109278	1.2711033
-4.701556	5.672818
-7.4158196	8.492422
-3.013733	3.6368432
-8.511457	10.401209
-2.5396843	2.7184367
-2.5481238	3.431088
-8.704661	10.181938
-0.675766	0.95704776
-5.139121	6.2857943
-3.3814251	4.095253
-2.5311947	2.7113636
-1.1810281	1.2298595
-4.526109	5.52958
-4.120177	4.664066
-1.8823414	2.3769536
-6.151769	7.781999
0.8830198	-0.96419847
-9.122088	10.619672
-10.460518	13.205884
-6.822236	8.605862
-8.774659	11.083456
-0.6028084	0.62559235
-0.9574092	1.1760775
-3.4002655	4.0303555
0.47748032	-0.4764635
-5.9245276	7.9471984
-0.8625823	0.98306525
-6.069081	7.4073553
-5.6879253	6.909289
-17.241486	20.523308
-4.7467127	5.8671403
-3.2408395	3.7682528
-4.540725	5.218717
1.3998206	-1.484276
-6.269907	7.6798105
-6.0483084	7.353402
-17.132008	20.395336
-5.0719123	6.023092
-3.4752033	4.050711
-6.209402	7.6500235
-13.46534	16.216005
-4.9582334	5.9153833
-5.807763	6.954342
-8.0372505	9.971123
-9.042476	10.605906
-8.0372505	9.971123
-3.6358116	5.1805725
-1.1968677	1.2165937
-24.787493	30.552044
-3.178397	4.6822844
-5.636379	6.7761474
-6.4059324	7.538709
1.3301308	-1.4263337
-1.7043148	1.9044517
-7.446161	8.833861
1.2814958	-1.3935812
1.0065801	-1.0626214
-3.7480273	4.5242653
-7.390982	9.046807
-1.5844417	2.0556
-13.301086	15.690671
-5.197413	6.3163643
-5.9061604	7.4248176
1.7103021	-1.8137963
-0.099822484	0.28249595
-8.307276	9.997063
-2.5986667	3.021459
-0.8033794	0.9238733
-5.3361907	6.389981
-7.0514526	8.409498
-5.650377	6.900595
-13.669403	16.364902
-6.3583784	7.7416725
-5.3198233	6.612755
-20.96021	23.256214
1.1521686	-1.2446997
-4.660289	5.673583
-12.484777	14.846387
-5.2957935	6.273431
-0.46934813	0.57025766
-5.392838	6.3605967
-1.0345602	1.3796402
0.10068691	-0.15879944
-7.7038436	9.473936
-10.605029	12.869425
-7.5925393	9.192378
-6.6697855	8.086199
-7.7455926	9.190358
-20.032162	23.84039
-3.412346	3.8196704
-6.8932815	8.141668
-5.530165	7.398267
-6.7576094	8.882919
-12.656004	15.777758
-7.486764	9.200859
-7.0198126	8.236755
-7.263397	8.839971
-3.730764	4.57132
-11.37921	13.37269
-4.2169356	4.800864
-2.615837	3.492434
-7.8513694	9.259108
1.7850199	-1.8615787
-11.394178	13.94691
-6.6204004	8.040356
1.5476143	-1.6385676
1.1550573	-1.2296338
-0.11165936	0.16828123
-0.3774706	0.5381046
-1.2707319	1.3238198
-2.759585	3.239594
0.9999768	-1.0665447
1.5433884	-1.6318239
1.9208984	-2.0282342
2.12286	-2.2408745
1.1466875	-1.2071463
-1.4396911	1.6576817
1.0479834	-1.0234773
1.535019	-1.6379192
1.5969831	-1.69837
2.206984	-2.3512168
1.4775288	-1.5685858
2.4961994	-2.6563551
1.5440499	-1.6484848
-1.3508552	1.4499037
1.4392722	-1.5143958
1.612842	-1.7220589
1.9592063	-2.0852237
1.8291944	-1.9633167
1.4356487	-1.5346415
1.5596421	-1.6720607
0.99581623	-0.98567134
0.09142844	-0.12827416
2.1283743	-2.2724476
1.6264302	-1.7322166
