Score_0	Score_1
-3.3165298	7.031203
-17.650768	24.791697
-11.266497	12.596159
-5.866551	12.237438
-26.943829	33.151684
-10.429311	13.270271
-31.008224	37.29885
-7.5633407	12.323371
-11.590616	10.532679
-33.026466	33.51378
-3.140163	1.8993117
-24.961786	22.882147
-14.939972	17.660046
-5.3865967	9.414766
-2.7636857	3.8972988
-9.505836	11.336817
-7.470688	16.01385
-11.455716	17.68051
-41.602318	38.57626
-0.24838552	1.1504356
-27.105694	28.894022
-28.728449	34.51353
-29.159245	31.533823
-17.205837	16.743954
-0.72173387	3.914866
-5.314779	7.0212183
-3.3458169	5.4363527
0.89989597	1.2514131
-17.753807	17.463154
1.7721977	1.2025182
-17.94656	23.360783
-28.08302	30.225351
-32.8957	42.642303
-20.703762	24.973429
-12.750641	18.111002
-7.990284	12.272117
2.1847901	-0.346105
-20.800848	24.207094
-20.912748	21.285376
-34.169464	42.75837
-26.703106	26.63851
-9.1868515	9.757578
-41.88436	61.305347
-82.33708	74.3262
-12.557821	12.970754
-38.71296	41.103752
-44.538292	34.08422
-93.50783	84.40711
-66.50797	59.567543
-4.0588937	5.275497
-0.8858507	2.5242534
-64.652664	58.566994
-8.972185	8.467527
-8.978135	10.116579
-59.329205	61.83246
-2.7010303	1.020334
0.23930149	3.6190147
-34.06884	36.991768
2.3845496	-1.0744711
4.631346	0.37526625
-19.357426	27.010508
-53.937958	52.948822
-4.8226013	5.626433
-50.151184	52.65777
-18.47652	20.311802
-12.949939	19.558907
6.9987307	-0.5929469
0.6835021	0.21419092
-22.381435	22.652246
-16.707287	20.133366
2.4759364	3.6768546
-21.341509	25.390228
-34.40582	36.0142
-16.908407	18.270653
-58.904743	67.08315
-22.618952	23.954144
-5.9433236	10.366182
-90.62483	101.17815
8.100405	1.4444473
-11.31738	14.339885
-57.458973	64.12225
-43.116333	45.76255
0.62821496	2.535295
-42.169495	61.015602
-1.8864727	3.6767933
1.7292496	2.5236993
-38.714684	39.552826
-19.077213	25.795338
-62.212227	60.938843
-30.374079	34.4568
-84.61157	84.78658
-49.029396	61.4161
0.6093006	5.1113024
-21.49347	26.031658
-19.968092	26.225443
-53.509026	57.09159
-110.94769	91.58337
-26.605951	29.827307
-36.137794	48.836212
-19.395433	32.021973
-34.739044	40.294174
-39.15	43.793854
-10.952031	13.451509
-12.355016	13.467474
-27.699383	31.112421
5.521955	-0.68013465
-93.602585	79.3352
-33.67754	33.426155
3.5960877	-1.12517
4.680406	-0.5034622
1.0774457	-0.80598944
0.36275715	0.8285042
-1.6681626	4.3051295
-6.697737	9.450612
2.97999	-0.513245
8.001915	-2.5882173
1.6718992	-0.8767538
4.1986747	-1.1596234
5.6068854	0.9428004
-5.711399	8.917301
1.3184017	0.37178785
6.3379297	-0.4574318
11.652658	-0.8730547
0.86914194	3.3081727
10.841539	-1.3444668
4.1452913	-1.4034746
5.18136	-1.1813722
5.337977	-2.7885847
5.070733	-0.24925622
0.7659618	2.987123
8.167629	-2.74779
6.974031	2.8218124
4.3864517	-0.608966
6.838459	1.3424513
5.2556715	-0.8500349
-4.9693913	5.6060433
2.4976792	-1.3200934
6.092815	-0.66578054
