Score_0	Score_1
-8.002234	6.038422
-20.1683	18.577322
-12.49027	8.909285
-14.499835	3.5591903
-23.128067	21.085545
-11.869898	10.216232
-31.773367	31.617273
-12.936226	9.774697
-11.5373125	7.5965004
-32.0942	29.752441
-2.5903046	-0.12679395
-30.790588	21.804184
-17.55836	14.436307
-10.842576	7.420807
-2.5516133	-0.37625474
-13.975726	9.965788
-12.645556	9.205884
-18.098135	15.409584
-41.57464	36.810387
-2.9291718	-3.0188591
-26.895802	21.392645
-35.957115	27.756521
-29.127008	18.322723
-18.441563	14.734018
-3.2965531	-1.0585605
-9.683168	2.3765655
-6.5279036	3.9474647
-1.3827893	-0.25569472
-21.309689	16.895779
-0.50016415	-4.4904747
-23.030107	14.463369
-27.110214	23.375889
-27.706644	26.58192
-25.303055	21.962063
-18.257238	12.494834
-9.351977	6.9184623
-0.24881515	-2.9470477
-16.77569	17.909761
-22.522165	18.364511
-28.805197	27.420101
-26.70643	19.612415
-10.377482	10.789788
-43.09909	42.54792
-65.91035	60.395103
-13.096521	10.540299
-39.7074	33.434
-33.155376	33.809967
-72.954384	74.922356
-53.475044	50.118176
-6.0438623	5.276579
-2.86795	1.2938772
-57.229755	51.700104
-11.792287	10.520365
-11.02166	9.279528
-56.921307	45.43499
-3.5347145	1.9652199
-3.2134933	-1.3844187
-33.227325	26.938232
0.65092427	-4.665448
0.84064275	-7.8347864
-25.720154	19.481163
-55.744484	48.047962
-9.078935	4.932659
-45.989674	42.9753
-19.579823	14.184239
-24.001118	17.43045
-0.9781065	-6.6005845
-0.5843674	0.31752875
-24.779913	21.1808
-17.308056	13.005725
-2.3682923	-2.4200222
-26.397766	20.297144
-35.054924	31.11196
-13.021625	13.670802
-46.27783	47.823048
-25.15675	19.13712
-15.00609	13.221112
-72.37254	74.95483
1.0875118	-9.74671
-13.854815	6.32126
-48.638985	48.383476
-39.885418	36.647697
-2.7630162	-0.33456388
-51.922157	36.738625
-4.530761	2.830994
-2.226963	-1.8164208
-34.56118	37.634686
-22.957645	15.936007
-55.692505	46.724308
-40.047516	29.640741
-80.626656	66.95061
-39.91913	39.459938
-5.317136	-0.60500324
-20.911417	16.85033
-28.52945	21.60831
-54.695263	47.23348
-94.607864	84.6593
-32.51635	21.35509
-47.060448	34.419407
-28.481861	21.479742
-40.288795	34.74726
-33.889725	32.352222
-8.524335	6.5756025
-11.25883	4.2584066
-27.86937	23.179028
1.4505538	-6.7245736
-85.136	73.27486
-32.386772	29.942392
1.0137562	-3.7120445
-0.2076786	-3.9255257
0.9826101	-2.8481011
-0.69144243	-1.5856044
-6.073251	2.576487
-13.523209	6.651133
0.11831923	-2.6495395
2.514168	-9.683818
0.6439355	-2.6244643
0.9205769	-5.2207084
-0.64091796	-6.026104
-7.879499	7.115959
0.36950883	-2.145481
-0.5763974	-4.823338
-0.91406363	-12.669167
-2.2246265	-0.5187848
2.0357618	-11.305013
1.6173398	-5.8415246
1.2725363	-5.3054934
1.7789701	-7.5699415
1.4087398	-6.068653
-4.72927	-1.4114993
2.0400302	-10.2715025
1.6723616	-10.9009
1.0777223	-4.072313
2.3683038	-8.172569
1.7553171	-5.1463265
-6.890817	4.8556128
0.70606124	-3.5396066
1.1673582	-7.1299005
