Score_0	Score_1
0.14349835	-0.095855795
-8.749969	8.941082
-0.33715513	0.42198533
-8.405038	8.88668
-6.988632	7.567397
-2.3913786	2.5995827
-9.409056	9.657163
-5.370455	5.4096537
-1.0672586	1.1622264
-4.85961	5.0741034
-0.16184878	0.19473596
-3.5244656	3.6667156
-2.3179007	2.3667903
-3.9004223	3.9309464
0.10702221	-0.046225727
-3.7492814	3.8703148
-7.3918066	7.4908094
-7.239569	7.538432
-7.85534	8.045407
-0.13154298	0.22841027
-7.094345	7.2340407
-6.5802894	6.851083
-7.82739	7.8800745
-3.0275433	3.0626674
-0.8255027	0.85243034
0.947077	-0.86404705
-3.909912	4.1319304
0.6718189	-0.65895766
-4.219149	4.355441
0.22360654	-0.1302964
-3.9180489	3.9851518
-7.3795533	7.525256
-3.347669	3.667047
-3.8862526	3.8621857
-4.523589	4.6765947
-1.8599918	1.9429182
0.6938636	-0.6048493
-5.166499	5.407674
-8.020456	8.388942
-4.7890806	5.1583185
-6.780575	6.936187
-1.8879502	1.934501
-6.1562123	6.545026
-4.3147883	4.5717287
-1.9491827	1.99423
-11.957998	12.286801
-1.5185643	1.6301162
-5.6245127	5.99145
-1.5185643	1.6301162
0.33912763	-0.27398852
1.1159713	-1.0190113
-2.6852608	2.7750134
0.25246105	-0.17360845
-1.5134494	1.575613
-13.7334795	14.493625
0.5932223	-0.5273425
-3.0534663	3.2236016
-10.674943	11.090756
0.53404963	-0.4422416
0.9214597	-0.8260714
-7.1178885	7.4379435
-7.7126455	7.937751
-0.8073394	0.858201
-7.5259643	7.9166975
-5.772452	5.9091415
-4.465482	4.6920657
0.5460038	-0.45171204
-1.1566167	1.3377173
-5.8297772	6.066904
-4.0015764	4.1524744
0.51609075	-0.44003075
-4.6556597	4.8548474
-10.934333	11.202089
-6.2191396	6.3874073
-11.086273	11.616124
-3.397581	3.4268677
-3.7719154	3.9744782
-6.4316835	6.763818
1.2607273	-1.168816
-5.695331	6.0303626
-10.019126	10.2963295
-12.747896	13.530182
-3.3075364	3.4226558
-12.301755	12.881495
-0.27896205	0.31605223
0.25722188	-0.21821094
-8.4676	8.8932495
-9.006574	9.804072
-11.852616	12.426239
-12.820564	13.595691
-10.238744	10.68771
-6.9255524	7.4140625
-2.0933304	2.081674
-4.017621	4.1138935
-3.24054	3.3381875
-5.614157	5.8536243
-10.206913	10.739896
-3.07743	3.1308923
-5.50858	5.7245116
-4.5474014	4.5435057
-5.50118	5.679175
-4.737886	4.9665256
-0.5031142	0.59265244
-3.2585144	3.3795586
-5.47331	5.789523
1.4691045	-1.3950157
-12.195669	12.753392
-2.6100662	2.7460148
1.0514841	-0.9611533
0.79240376	-0.6983964
0.80785143	-0.71656144
0.4500743	-0.3821261
-1.9674714	2.0996988
-3.6857	3.997628
0.66097337	-0.60827386
0.63867897	-0.56200033
0.9693557	-0.8731493
0.4114573	-0.3397338
0.28637862	-0.2272248
-0.5130314	0.518559
0.7212175	-0.6686567
1.5977193	-1.4789872
1.5944054	-1.5532471
0.9274205	-0.8158414
1.0612643	-0.9187423
1.1018393	-1.0011702
0.68189234	-0.6011607
0.4036327	-0.3415815
0.8573719	-0.7687634
0.9086739	-0.8394025
1.3388216	-1.2658145
0.8059994	-0.7189828
0.7098166	-0.6235301
1.1015141	-1.0096643
0.8739913	-0.78548735
1.2691132	-1.1761847
0.8795105	-0.7922021
0.8295852	-0.7622078
