Score_0	Score_1
0.06056459	0.458494
-1.6095766	3.267424
0.11941223	0.07226544
-4.3870645	5.693179
-1.9163347	4.1222906
-0.99311876	2.5153143
-1.962895	4.0324717
-2.0414898	3.8324997
-0.09529147	1.7911384
-1.4798343	3.4117386
-0.001636362	1.3775556
-1.3360885	2.5753639
-1.5658376	0.9692725
-2.0008347	3.5645561
0.13171068	0.08037637
-1.5946041	3.229138
-1.5650079	4.667692
0.1663228	0.44008818
-1.8641045	4.7213616
0.21707878	0.30990744
-1.6459373	3.1171527
-3.166009	7.0513954
-1.948116	4.6663904
-1.6838217	3.5193963
0.14603025	0.37516725
-0.5628315	1.059684
0.3604155	1.1022475
0.1616781	0.23501268
-1.7058446	3.4365375
0.34874907	1.0388129
-1.8103714	2.8731275
-1.5715283	3.2097576
-2.097133	4.333291
0.066847004	1.2321126
-0.05014982	1.9871734
0.53780293	0.47114125
0.20947357	0.676931
-1.2195642	2.3033864
-2.2228246	4.4158072
-2.0588017	4.653073
-1.723656	2.9788456
0.021942388	0.38091502
-3.4180398	6.529931
-4.767714	7.749331
-0.18503042	0.950538
-4.2956057	6.4056993
-1.6452347	4.3781643
-3.7288063	7.011668
-1.0813118	1.9770279
0.12805144	-0.12568344
0.24764976	0.6212271
-1.5528337	2.3194518
0.19967435	-0.052604638
-0.05652238	0.687555
-3.721843	8.175315
0.19564037	-0.19599096
-1.4568136	2.4963071
-2.2084603	5.602532
0.12585582	0.047243036
-0.06595083	0.8927948
-1.7096503	4.6180925
-2.79578	6.583079
-1.4245396	3.6541684
-1.8007762	4.5850096
-1.6141293	1.816912
-1.4373298	3.008791
-0.035233162	0.27416614
0.00073896645	0.2625987
-1.596302	3.23838
-1.7853806	3.7546248
0.2102797	-0.036535673
-1.3517945	3.6090934
-1.7690369	3.4760385
-1.6896343	3.727541
-3.9042935	6.535802
-1.8558741	3.9332402
-1.6056217	2.224443
-3.4249847	5.414183
0.051318645	1.2638289
-1.4597669	2.8823333
-2.1141999	4.286401
-3.899707	7.9136987
-2.0282145	3.1994765
-3.345822	6.7441206
-0.07516197	0.1357924
0.16542596	0.14144668
-2.1805491	5.0222917
-1.25715	2.9317398
-4.782058	8.167748
-5.137189	8.85605
-2.4787621	5.9100394
-3.7859943	6.1688805
-2.3391376	3.8504066
-1.8632996	4.444957
-1.8503097	3.210069
-2.6960301	5.5610495
-2.7282248	7.1229796
-1.2929009	2.9148393
-4.2871976	6.9196215
-2.8483841	7.1377754
-1.0710466	4.03818
-1.730677	3.3101997
0.087635554	0.48353443
-1.0329287	4.385674
-1.5930818	3.2058473
2.4305768	0.43289655
-3.862454	8.480223
-1.3442315	1.6949651
0.15683405	-0.18934211
0.05622568	0.06132848
0.9376295	-0.9135305
-0.45720273	0.8454832
1.560322	1.0063336
-0.68594575	1.7885205
-0.028730815	0.18532977
0.1896336	0.060350407
0.33707958	-0.4004082
0.24353456	0.28355443
0.41241378	-0.19313279
0.15820242	0.29096138
-0.15818033	0.90125215
0.14124954	0.46725178
0.5525819	-0.30134553
0.33820885	-0.09575234
0.5902128	-0.24420181
0.33790654	-0.54605055
0.2646536	-0.4328023
0.048539292	1.0549089
1.0139749	-0.92361987
0.97563475	-0.87208617
1.8606126	-0.95567435
-0.8951963	1.6894906
0.13223957	-0.21976395
1.6724541	-0.94551647
0.4536539	-0.35928825
2.4958673	-2.1326427
0.32691002	-0.34780088
0.2138081	-0.39501625
