Score_0	Score_1
0.02563433946027933	0.9743656605397206
0.00012132600375291958	0.9998786739962471
0.01927571037935416	0.9807242896206457
5.381705323435071e-05	0.9999461829467655
0.0004077330227147069	0.9995922669772854
0.1936916845755401	0.80630831542446
8.058148257905628e-06	0.999991941851742
2.9288546078554135e-05	0.9999707114539215
0.004517935030154452	0.9954820649698455
1.915562557570638e-05	0.9999808443744242
0.0679376798863014	0.9320623201136986
2.5995393321953665e-05	0.999974004606678
0.00016514714512567697	0.9998348528548743
6.637023114786089e-06	0.9999933629768852
0.04716125188109819	0.9528387481189018
0.00029225787440396723	0.9997077421255961
7.676554890867493e-06	0.9999923234451092
0.02369790362907398	0.9763020963709259
1.841874002788124e-05	0.999981581259972
0.29996161590918885	0.7000383840908111
0.00017949693894816487	0.9998205030610517
0.0001596427671581857	0.9998403572328417
1.7817730904368112e-05	0.9999821822690956
1.1213052803293877e-05	0.9999887869471967
0.01614807076746063	0.9838519292325394
0.009527689414494622	0.9904723105855053
0.0017743028969898322	0.9982256971030102
0.018831926991590177	0.9811680730084099
2.0616182612243073e-05	0.9999793838173877
0.5573022801576599	0.4426977198423402
2.8267626118316792e-05	0.9999717323738817
8.010313071471487e-06	0.9999919896869285
0.00010195210093737473	0.9998980478990627
0.0036965566983455877	0.9963034433016544
0.1629923106307556	0.8370076893692444
0.32440022809801183	0.6755997719019883
0.36186413750843166	0.6381358624915683
0.0003358726326617489	0.9996641273673383
1.8928247453220416e-05	0.9999810717525467
6.266876908469498e-05	0.9999373312309153
3.2934886072633065e-05	0.9999670651139272
0.0015191909242567637	0.9984808090757433
0.00011161256725804592	0.999888387432742
5.296707254680566e-05	0.9999470329274531
0.0005347217260269543	0.9994652782739731
1.7723930733981598e-05	0.9999822760692659
0.00012411787830204357	0.999875882121698
6.593515198960453e-05	0.9999340648480104
0.01202341236431217	0.9879765876356877
0.016717586979432174	0.9832824130205677
0.023913022192607027	0.9760869778073931
0.0011763576938703668	0.9988236423061296
0.3050960590454359	0.694903940954564
0.02199310588416552	0.9780068941158344
5.264559042179595e-05	0.9999473544095782
0.9204260662902362	0.0795739337097638
0.0001264249044085508	0.9998735750955914
9.579703122208905e-06	0.9999904202968779
0.040827086004601984	0.959172913995398
0.0015250537821702049	0.9984749462178298
0.00040508823379383776	0.9995949117662063
1.9859174847614015e-05	0.9999801408251523
1.993700035527457e-05	0.9999800629996448
0.0003664055745232764	0.9996335944254767
0.0009638121501958086	0.9990361878498041
0.00013994729432922348	0.9998600527056707
0.45398604162997885	0.5460139583700212
0.38423885815057235	0.6157611418494277
3.181784664181286e-05	0.9999681821533581
7.75510361368248e-06	0.9999922448963863
0.6667214713471525	0.33327852865284757
7.673444482092506e-06	0.9999923265555178
2.1541348280318396e-05	0.9999784586517197
4.69978158174289e-05	0.9999530021841826
2.3326998041484082e-05	0.9999766730019586
0.0001098316744040151	0.9998901683255961
0.031143304457350807	0.9688566955426492
2.516297985453164e-05	0.9999748370201456
0.09007364571901462	0.9099263542809854
2.877457310752618e-05	0.9999712254268924
5.701027065294628e-05	0.999942989729347
4.4264203904997855e-05	0.9999557357960949
0.00042869533620664145	0.9995713046637935
5.686490119605203e-06	0.9999943135098806
0.5755406925451506	0.4244593074548494
0.011448550377440147	0.9885514496225598
2.049186460073571e-06	0.99999795081354
3.762245212786119e-05	0.9999623775478723
1.330754292379055e-05	0.9999866924570762
1.5289681882957317e-05	0.9999847103181171
8.48453957977835e-06	0.9999915154604203
1.3359662568168674e-05	0.9999866403374318
2.3724792435220187e-05	0.9999762752075648
4.101360999930748e-06	0.9999958986390001
0.00027380638333407425	0.9997261936166659
0.00029699625614800775	0.999703003743852
3.790063637141294e-05	0.9999620993636285
0.00017539164469826396	0.9998246083553017
1.1842408176598874e-05	0.9999881575918235
3.129540737805137e-05	0.9999687045926219
0.00014204705097815574	0.9998579529490218
0.00015288798314725405	0.9998471120168526
0.35280439264727	0.6471956073527301
6.575166009754607e-05	0.9999342483399024
0.00012978778624594955	0.999870212213754
0.9314854119489393	0.06851458805106062
1.498475103502983e-05	0.999985015248965
0.00043517826756407364	0.999564821732436
0.8741623078823485	0.12583769211765153
0.5611077975267125	0.43889220247328753
0.9849753375221477	0.015024662477852242
0.32869444594427766	0.6713055540557222
0.15672096298224283	0.8432790370177571
0.6277875881469187	0.37221241185308135
0.16793263864516678	0.8320673613548332
0.7717847234347378	0.22821527656526225
0.7879292239243398	0.21207077607566024
0.012665267151296433	0.9873347328487035
0.5403777389999987	0.45962226100000114
0.8232906659410263	0.17670933405897368
0.030382839097927918	0.9696171609020722
0.47093019299519573	0.5290698070048043
0.9434971297248183	0.056502870275181624
0.9548963980357105	0.045103601964289565
0.9246771727091009	0.07532282729089917
0.9023403836617435	0.09765961633825652
0.6333526654929191	0.3666473345070809
0.05117566054347809	0.9488243394565219
0.9957511884384	0.004248811561599928
0.9347522611255389	0.06524773887446114
0.8582792863863601	0.14172071361363994
0.9872932463627008	0.012706753637299218
0.81684648381045	0.18315351618954995
0.9550525520121006	0.044947447987899375
0.8433488498573677	0.1566511501426323
0.9921359491003384	0.007864050899661645
0.9949297269331152	0.0050702730668848355
0.5297221616635389	0.470277838336461
