Score_0	Score_1
0.06753848988282556	0.9324615101171745
6.415550920990665e-05	0.99993584449079
0.3321229888888578	0.6678770111111422
0.00019417713858636	0.9998058228614136
0.0002476827622839961	0.9997523172377158
0.05620290868169455	0.9437970913183055
5.6789652818900474e-05	0.9999432103471811
0.0010293824360977587	0.9989706175639024
0.006335328415976038	0.993664671584024
0.0005655768047322374	0.9994344231952678
0.05278639388883155	0.9472136061111683
0.0022024166452091045	0.9977975833547909
0.0012248240203052597	0.9987751759796948
0.0010293824360977587	0.9989706175639024
0.6503563975141206	0.3496436024858794
0.0005324106611183544	0.9994675893388816
0.0005178849224012127	0.9994821150775988
0.0002737342079975891	0.9997262657920025
0.00013216540414999755	0.9998678345958499
0.9772880042859422	0.02271199571405786
0.00010754041927178992	0.9998924595807281
0.0001929148163654082	0.9998070851836346
0.0001283194589933645	0.9998716805410067
0.0011768647254204677	0.9988231352745796
0.3837116146195781	0.616288385380422
0.19682301527787377	0.8031769847221263
0.00029054943001438627	0.9997094505699857
0.7527298456961644	0.24727015430383567
0.00027597143643693923	0.999724028563563
0.9076333052640422	0.09236669473595777
0.002121143007486492	0.9978788569925134
5.311885506125158e-05	0.9999468811449388
0.0006412950229467862	0.9993587049770533
0.0003774379057171373	0.9996225620942829
7.681958402414591e-05	0.9999231804159757
0.004078595704663313	0.9959214042953366
0.8742765900707962	0.12572340992920375
0.00022020587952109594	0.9997797941204789
4.458561631641711e-05	0.9999554143836835
0.0006412950229467862	0.9993587049770533
0.00010215721019239954	0.9998978427898075
0.006931778955914969	0.993068221044085
0.00019366511458385194	0.9998063348854161
4.979587557878418e-05	0.9999502041244213
0.043029870438707075	0.956970129561293
3.572758857892655e-05	0.999964272411421
7.601378212755972e-05	0.9999239862178724
4.014885738843343e-05	0.9999598511426114
7.601378212755972e-05	0.9999239862178724
0.09729033904710649	0.9027096609528934
0.6587893613454915	0.3412106386545085
0.00023991149379123388	0.9997600885062088
0.13935557702971096	0.860644422970289
0.04390260986497463	0.9560973901350254
7.406904079398924e-05	0.9999259309592061
0.7269504791695509	0.27304952083044914
0.017242894695211584	0.9827571053047883
6.418257648224123e-05	0.9999358174235178
0.7342575869815333	0.2657424130184668
0.5777342042088816	0.4222657957911184
0.00014442574550701525	0.999855574254493
5.7936139872327705e-05	0.9999420638601277
0.003970645254986316	0.9960293547450136
8.060305031518667e-05	0.9999193969496847
0.00014619370931372443	0.9998538062906862
0.0024293607066215193	0.9975706392933785
0.05531701819245356	0.9446829818075464
0.3240527188112991	0.6759472811887008
0.0001430462652890485	0.9998569537347108
0.0017304183843781518	0.9982695816156217
0.0008615624316495208	0.9991384375683505
0.00012503775686807385	0.9998749622431319
4.610796317985333e-05	0.9999538920368203
0.0019522595045374125	0.9980477404954626
7.54296283784095e-05	0.9999245703716216
0.00026109656103741053	0.9997389034389625
0.030850486274533906	0.9691495137254661
0.00024673465125455427	0.9997532653487454
0.8207020916636487	0.1792979083363512
0.0003154639295028794	0.999684536070497
3.177017129714077e-05	0.9999682298287029
5.10886873600791e-05	0.99994891131264
0.014109861815349168	0.9858901381846508
8.289846276097191e-05	0.999917101537239
0.19961610180869477	0.8003838981913052
0.14232899445365496	0.8576710055463451
5.560841141361017e-05	0.9999443915885864
0.0001776358140260337	0.999822364185974
6.701980278167596e-05	0.9999329801972184
6.116982393840064e-05	0.9999388301760617
6.3513861667297e-05	0.9999364861383327
0.00017835663780614298	0.9998216433621938
0.027004506305062882	0.9729954936949371
0.00011191785465261005	0.9998880821453474
0.0003702635481839245	0.9996297364518162
0.00026204597877113047	0.9997379540212288
6.01341115059828e-05	0.999939865888494
0.0008053121824229459	0.999194687817577
3.4441025523213044e-05	0.9999655589744769
9.00489841969776e-05	0.999909951015803
9.758047591437168e-05	0.9999024195240857
0.00011827060554956415	0.9998817293944505
0.007804273819012231	0.9921957261809877
0.00946235240824802	0.9905376475917519
9.339784079485103e-05	0.9999066021592051
0.9233138308870584	0.07668616911294159
8.84524376248974e-05	0.999911547562375
0.0005260907911718738	0.9994739092088283
0.9933982095581065	0.006601790441893631
0.6203148410233916	0.3796851589766083
0.9855673779886811	0.014432622011318934
0.9005977666861934	0.09940223331380658
0.27326629086304	0.7267337091369601
0.013042458291804416	0.9869575417081956
0.9729979465861	0.027002053413900013
0.945705775204593	0.05429422479540698
0.9440911061993171	0.05590889380068289
0.5080755572096964	0.49192444279030356
0.6980796587700275	0.30192034122997236
0.060664022587516554	0.9393359774124835
0.9910113949297636	0.008988605070236248
0.5934203614858715	0.4065796385141285
0.991690205056576	0.008309794943424048
0.2965376922673392	0.7034623077326608
0.9934372928725382	0.006562707127461681
0.9895184228239579	0.010481577176042048
0.9918558043391815	0.008144195660818495
0.9324312061559101	0.06756879384408969
0.9927038979348917	0.007296102065108394
0.9567735089500221	0.04322649104997797
0.9958881413080926	0.004111858691907406
0.24014868087874258	0.7598513191212575
0.9875480727765085	0.01245192722349153
0.9751341792601117	0.024865820739888217
0.901907889031538	0.09809211096846203
0.8758685955510538	0.12413140444894624
0.6431554354781537	0.3568445645218464
0.9917336222963143	0.008266377703685712
