Score_0	Score_1
0.8816903663558241	0.1183096336441759
0.00038220552771515146	0.9996177944722848
0.1770261223949728	0.8229738776050273
9.492789259977208e-05	0.9999050721074003
0.0006405181211221134	0.9993594818788779
0.011133183797997926	0.9888668162020021
3.816866762405002e-05	0.9999618313323759
0.00013063714339509592	0.9998693628566049
0.022328130977246508	0.9776718690227535
0.0047513536089386355	0.9952486463910614
0.27046620460986165	0.7295337953901383
0.000416920112263508	0.9995830798877364
0.005522156676043277	0.9944778433239568
0.0006031816216938602	0.9993968183783061
0.22845452824344276	0.7715454717565573
0.0011790243963707646	0.998820975603629
6.402634853501788e-05	0.999935973651465
0.00016633439442546028	0.9998336656055745
5.8993258205064516e-05	0.999941006741795
0.4593742312334654	0.5406257687665347
6.116543067415935e-05	0.9999388345693259
6.015469990652278e-05	0.9999398453000934
0.0001496771607897296	0.9998503228392103
0.0002970537300355236	0.9997029462699644
0.15818403135162268	0.8418159686483774
0.8833533018736602	0.11664669812633974
0.0003800062386246861	0.9996199937613752
0.5620069251983998	0.4379930748016002
0.0002935786320009237	0.9997064213679991
0.43120727454448293	0.5687927254555171
0.0003112636761025245	0.9996887363238974
5.8289572549030665e-05	0.9999417104274511
0.0008736498627875733	0.9991263501372124
0.004810127108532259	0.9951898728914677
0.0013751544974664354	0.9986248455025336
0.041123059496439504	0.9588769405035604
0.8423786051368115	0.15762139486318857
0.0001368957495038403	0.9998631042504961
6.923650029344586e-05	0.9999307634997067
0.000514335449832104	0.999485664550168
0.00015132491173497353	0.999848675088265
0.017896795128332997	0.982103204871667
0.0002259527716709231	0.999774047228329
0.00042166084033810056	0.999578339159662
0.037069353746755684	0.9629306462532444
4.662043239236358e-05	0.9999533795676075
0.006180550610517588	0.9938194493894825
0.00025745231924654275	0.9997425476807535
0.006180550610517588	0.9938194493894825
0.40147864324243965	0.5985213567575604
0.5873195170213095	0.4126804829786905
0.00041877380835642075	0.9995812261916436
0.5290050844970647	0.47099491550293526
0.02772076747269705	0.972279232527303
7.057529759741943e-05	0.9999294247024025
0.9372683713558867	0.06273162864411327
0.003012077882306885	0.9969879221176932
5.572143137964058e-05	0.9999442785686202
0.8390810883986621	0.16091891160133792
0.4662349325095967	0.5337650674904034
0.00021957905080014495	0.9997804209491999
0.00010922867479981057	0.9998907713252002
0.01910750248054416	0.9808924975194557
9.161792882872444e-05	0.9999083820711713
0.000489661307421363	0.9995103386925785
0.0006945377666954355	0.9993054622333044
0.8562324812021374	0.1437675187978627
0.29024772155573314	0.7097522784442669
0.00016238987373486946	0.9998376101262652
0.0008044472817128501	0.9991955527182872
0.6238265467499298	0.3761734532500702
0.00020522868838639407	0.9997947713116137
0.00010014810702094757	0.999899851892979
0.0020820257902407933	0.9979179742097593
6.380005168371561e-05	0.9999361999483163
0.002589631836047923	0.9974103681639521
0.001567970728490975	0.998432029271509
0.000843120895275562	0.9991568791047245
0.8782236531057389	0.12177634689426106
0.00026633213553817203	0.9997336678644618
4.785910982447738e-05	0.9999521408901757
0.00013819015161167236	0.9998618098483882
0.0018850276259407828	0.9981149723740593
0.00031024699658754873	0.9996897530034126
0.30171343750366275	0.6982865624963372
0.6183022168424641	0.38169778315753594
0.00019015667461543816	0.9998098433253846
0.00013277460403902098	0.999867225395961
6.2175656682939e-05	0.999937824343317
5.111702109981131e-05	0.9999488829789002
8.457805769011007e-05	0.9999154219423099
0.00014931180644537357	0.9998506881935547
0.0060652491022600286	0.9939347508977399
0.0003460013163025799	0.9996539986836975
0.0009299883899425599	0.9990700116100575
0.0001756865791318507	0.9998243134208682
9.538658323691163e-05	0.9999046134167632
0.00046484084836400096	0.9995351591516359
0.000297419073377414	0.9997025809266227
0.0004050441742333044	0.9995949558257667
0.0004427179789074476	0.9995572820210926
0.0014578564422618844	0.9985421435577381
0.055861420839585896	0.9441385791604141
0.00016172078737644035	0.9998382792126236
0.00024221683031191432	0.999757783169688
0.760673594549657	0.23932640545034314
0.00011644135793704713	0.9998835586420629
0.0011916588092670155	0.9988083411907331
0.9829839136087577	0.017016086391242413
0.6166589120104562	0.3833410879895438
0.9921632394056583	0.007836760594341501
0.6156443712385076	0.38435562876149243
0.01833572643967014	0.9816642735603299
0.013822134862471191	0.9861778651375287
0.9899270440466829	0.010072955953317078
0.8523780342654659	0.14762196573453404
0.8523738226533798	0.1476261773466201
0.9391213652382845	0.06087863476171547
0.8063838106428779	0.1936161893571221
0.26692965715972716	0.7330703428402728
0.9016169068581703	0.09838309314182965
0.9795017504557274	0.020498249544272658
0.9748360406171171	0.025163959382882885
0.5897454317993676	0.41025456820063255
0.9779114290596274	0.02208857094037269
0.9929369664412698	0.007063033558730119
0.9549613170223024	0.045038682977697544
0.8257318166544529	0.17426818334554714
0.643791413332261	0.3562085866677389
0.5887667303770522	0.4112332696229479
0.9602164541879036	0.03978354581209638
0.8518233967597079	0.14817660324029208
0.9809092070486433	0.01909079295135673
0.955619235531873	0.04438076446812692
0.8045453535975012	0.19545464640249877
0.6916536084228442	0.3083463915771557
0.806330555158613	0.19366944484138712
0.8891463897207951	0.11085361027920501
