Score_0	Score_1
0.004501703422526182	0.9954982965774738
0.00026003613698808434	0.9997399638630119
0.003991657052299491	0.9960083429477005
0.005279024285868128	0.994720975714132
0.0015211930748539216	0.9984788069251461
0.0006161469410334242	0.9993838530589667
0.0003726343355378248	0.9996273656644622
0.0011659619120396592	0.9988340380879602
0.0016387516650635092	0.9983612483349364
0.00018273387331377844	0.9998172661266862
0.010164101835161676	0.9898358981648384
0.0020198495032437425	0.9979801504967563
0.0073974956781931	0.9926025043218069
0.0005308477486346997	0.9994691522513653
0.012322192275657473	0.9876778077243425
0.002807051611948652	0.9971929483880514
0.0021908268472735416	0.9978091731527264
0.001834667006436419	0.9981653329935636
6.669944435773178e-05	0.9999333005556423
0.03746527223680409	0.9625347277631958
0.0002562366742645095	0.9997437633257356
0.0003952514318373179	0.9996047485681627
0.00043543875197686875	0.9995645612480232
0.01980168983110251	0.9801983101688976
0.032549360842173324	0.9674506391578268
0.13944917306505353	0.8605508269349466
0.006845496522246153	0.9931545034777537
0.0038580681399875915	0.9961419318600123
0.004379297529973081	0.995620702470027
0.09670429464732928	0.9032957053526707
0.0006980246320316575	0.9993019753679684
0.005135812117679883	0.9948641878823201
0.0001830564129580159	0.999816943587042
0.0031361180876146033	0.9968638819123854
0.0020625955823623697	0.9979374044176377
0.0013009940878673022	0.9986990059121327
0.4112038911575956	0.5887961088424044
0.0004363972099272084	0.9995636027900728
0.0008128384657909215	0.999187161534209
0.000265538062594417	0.9997344619374056
0.0007621925843565913	0.9992378074156434
0.0014858825263777576	0.9985141174736223
0.008693443176752535	0.9913065568232474
0.002399986766635176	0.9976000132333647
0.10947660871060957	0.8905233912893905
0.0004923393984032964	0.9995076606015967
0.006961131245012342	0.9930388687549876
0.0017987273813202752	0.9982012726186797
0.004618458544747295	0.9953815414552528
0.06173017920146155	0.9382698207985385
0.013042077190581747	0.9869579228094182
0.0007762873284633098	0.9992237126715366
0.12147126161321668	0.8785287383867832
0.16529014720171845	0.8347098527982816
0.00016041580973558123	0.9998395841902644
0.17948198769474366	0.8205180123052565
0.004650267654315687	0.9953497323456844
7.760928159845637e-05	0.9999223907184016
0.3229808891781543	0.6770191108218457
0.40997528335104183	0.5900247166489581
0.00010689650773574311	0.9998931034922643
0.0014221070024679427	0.9985778929975322
0.030836661941827593	0.9691633380581723
0.00011278057073578207	0.9998872194292643
0.0017694632175874192	0.9982305367824125
0.017042939918147627	0.9829570600818525
0.052868740192367536	0.9471312598076326
0.5114586888871259	0.48854131111287424
0.00017450839983235156	0.9998254916001678
0.01060506825318932	0.9893949317468106
0.09667675196199663	0.9033232480380032
0.004498189339942904	0.995501810660057
0.00011025446909085357	0.9998897455309091
0.00033682507029759724	0.9996631749297024
0.0002458700104894129	0.9997541299895106
0.0004496429273238567	0.9995503570726761
0.02370830918495139	0.9762916908150487
0.0002742931299118956	0.9997257068700881
0.07877969147106441	0.9212203085289357
0.0002935646627703958	0.9997064353372295
0.00011810762219455206	0.9998818923778053
0.0003176898990436161	0.9996823101009564
0.04576606595067893	0.9542339340493211
0.00022691426267389402	0.9997730857373262
0.36612719563758456	0.6338728043624154
0.16893453491612903	0.831065465083871
0.00033960253498135364	0.9996603974650187
0.00045804050664763893	0.9995419594933523
0.012381681104268627	0.9876183188957313
0.0029507396495251025	0.9970492603504748
0.00020855253071339064	0.9997914474692866
0.00026952796549684077	0.9997304720345032
0.009268148437843649	0.9907318515621564
0.000458208228180923	0.9995417917718191
0.008286783929474772	0.9917132160705252
0.0001298483068005396	0.9998701516931995
0.00010476910495913483	0.9998952308950407
0.0007300932038112995	0.9992699067961887
0.003974190349547135	0.9960258096504528
0.003012244439472389	0.9969877555605275
0.0260818054086428	0.9739181945913572
0.0001582622981629145	0.999841737701837
0.01118740827925524	0.9888125917207449
0.011702523912806639	0.9882974760871935
0.00035251802869444847	0.9996474819713056
0.9236187127078279	0.07638128729217189
9.943341379607951e-05	0.999900566586204
0.002255388785309531	0.9977446112146904
0.9499760331384378	0.05002396686156232
0.028238802015686893	0.971761197984313
0.3177595167862396	0.6822404832137604
0.7312503114534243	0.2687496885465757
0.039272571600842035	0.960727428399158
0.22317970766942766	0.7768202923305724
0.058842528773876454	0.9411574712261235
0.2040734148356833	0.7959265851643167
0.8632631776047937	0.1367368223952063
0.15525653993121616	0.8447434600687839
0.3727589806620428	0.6272410193379571
0.15676561056004631	0.8432343894399537
0.22491915663381912	0.775080843366181
0.978083761767946	0.021916238232054065
0.8777328058538754	0.12226719414612472
0.8493164392858865	0.1506835607141134
0.5204114566371055	0.47958854336289447
0.8595589190597506	0.14044108094024943
0.6635240183395437	0.33647598166045634
0.19756507715824057	0.8024349228417593
0.6930231453560753	0.3069768546439246
0.7306697294414543	0.2693302705585458
0.34074961057701647	0.6592503894229835
0.35372872247987475	0.6462712775201253
0.9822137989441364	0.017786201055863704
0.7027533491150704	0.2972466508849296
0.45415363751983423	0.5458463624801657
0.08393360468869357	0.9160663953113064
0.8684149719449576	0.1315850280550422
0.3271479871507192	0.6728520128492808
