Score_0	Score_1
0.03454485693041036	0.9654551430695897
0.00029236796691678446	0.9997076320330832
0.03977840051965396	0.960221599480346
0.00393866467435795	0.996061335325642
0.00042839687095033165	0.9995716031290497
0.018471752209784788	0.9815282477902152
0.00025028784633345235	0.9997497121536665
0.008159155958222275	0.9918408440417779
0.0002616187226382349	0.9997383812773618
0.0004152376951707115	0.9995847623048293
0.0028860412092904576	0.9971139587907094
0.0007392659241863165	0.9992607340758137
0.002445698503176952	0.9975543014968229
0.0027602502601864255	0.9972397497398136
0.05134470907652296	0.9486552909234771
0.01749655234178369	0.9825034476582163
0.0020014892978560627	0.997998510702144
0.005568001367535391	0.9944319986324647
0.0004539398007179507	0.9995460601992819
0.38360721505747397	0.616392784942526
0.000640124915398932	0.9993598750846011
0.000643455707089391	0.9993565442929105
0.0018049540844418566	0.9981950459155581
0.0011737525593036313	0.9988262474406964
0.3083117915294025	0.6916882084705975
0.21728624734510343	0.7827137526548965
0.00851386839359931	0.9914861316064008
0.1176804300967472	0.8823195699032528
0.0004883628777083038	0.9995116371222916
0.23670744200868174	0.7632925579913182
0.0010194211347295701	0.9989805788652705
0.00022085678294845313	0.9997791432170515
0.0005278091911213201	0.9994721908088786
0.00029049189559877676	0.9997095081044012
0.00034744112303284334	0.9996525588769671
0.013246952666830802	0.9867530473331693
0.9830803014963708	0.016919698503629208
0.003746235126278208	0.9962537648737217
0.0002549092741217729	0.9997450907258782
0.0005333901151283405	0.9994666098848717
0.0005815642869212434	0.9994184357130788
0.015651033836924698	0.9843489661630753
0.0018198142702225528	0.9981801857297775
0.00034461135112664467	0.9996553886488734
0.06961457100858895	0.930385428991411
0.00046391398080882775	0.9995360860191911
0.0007532473421634212	0.9992467526578365
0.0006171775515332323	0.9993828224484668
0.0007532473421634212	0.9992467526578365
0.20588228529064026	0.7941177147093598
0.2026325318563332	0.7973674681436668
0.003923555525502542	0.9960764444744974
0.29426085711981453	0.7057391428801855
0.6041202190071276	0.39587978099287235
0.000284289683930794	0.9997157103160692
0.46059259497230887	0.5394074050276911
0.002943660105662449	0.9970563398943376
0.00022723540525093622	0.9997727645947491
0.778056584907811	0.22194341509218893
0.5880414753978924	0.41195852460210763
0.0007585324292726625	0.9992414675707273
0.0005539674717984555	0.9994460325282015
0.012621627048628615	0.9873783729513714
0.0005292264812067682	0.9994707735187932
0.0003142075534821043	0.9996857924465179
0.020574269372213426	0.9794257306277865
0.7063824789293662	0.29361752107063377
0.1559112135700606	0.8440887864299395
0.00023743961597544327	0.9997625603840244
0.000682834009012634	0.9993171659909874
0.04300619933685705	0.956993800663143
0.0008409612416869106	0.9991590387583132
0.00036715028487090964	0.9996328497151291
0.0003410656246409571	0.9996589343753589
0.00043435549268577844	0.9995656445073141
0.0003989229732109578	0.999601077026789
0.015401782571811573	0.9845982174281884
0.0016370550920010273	0.9983629449079989
0.9258965520946821	0.0741034479053178
0.0008328331691971113	0.9991671668308028
0.00025501331760924284	0.9997449866823909
0.0005203570224251219	0.999479642977575
0.014897914587305916	0.985102085412694
0.0007706649452188907	0.9992293350547812
0.2121461814314906	0.7878538185685093
0.08715417494166615	0.9128458250583339
0.0003256562751899228	0.9996743437248101
0.0002702802597932541	0.9997297197402066
0.0007890156904282631	0.9992109843095717
0.001603985493534954	0.9983960145064652
0.0006307596747525013	0.9993692403252477
0.00045835017009356884	0.9995416498299065
0.07081908090346581	0.9291809190965342
0.0007710248781453765	0.9992289751218546
0.005452690367981105	0.9945473096320189
0.0012732749835643099	0.9987267250164356
0.0003487779975735794	0.9996512220024265
0.004113777620930991	0.9958862223790691
0.00036039320633902695	0.999639606793661
0.0005308661440066142	0.9994691338559933
0.00030061047749991855	0.9996993895224999
0.0004195135974331521	0.9995804864025668
0.02093627751077658	0.9790637224892234
0.011727586196916495	0.9882724138030834
0.0002134613349219494	0.9997865386650779
0.5777408417237199	0.4222591582762802
0.0003610018817222782	0.9996389981182776
0.0011356014586086038	0.9988643985413914
0.9865606412675717	0.013439358732428274
0.9603407495419523	0.03965925045804767
0.7554476926647282	0.24455230733527172
0.6735625072519995	0.32643749274800055
0.22497320447550698	0.7750267955244932
0.0017615149397287144	0.9982384850602714
0.5814078487708088	0.41859215122919124
0.7898008062971319	0.21019919370286816
0.9446932867604634	0.05530671323953662
0.6517351927832777	0.3482648072167223
0.9665964972673982	0.03340350273260185
0.2995297547089927	0.7004702452910074
0.19548879178952877	0.8045112082104712
0.8843462506015323	0.11565374939846776
0.9917645073620998	0.00823549263790024
0.9231862391780199	0.07681376082198013
0.9779033477141915	0.022096652285808413
0.9857453752362539	0.01425462476374601
0.9276044774013205	0.07239552259867957
0.024851105683428455	0.9751488943165716
0.7030176116415858	0.29698238835841406
0.9408997110100463	0.059100288989953655
0.9863645250765043	0.013635474923495792
0.692686740855731	0.307313259144269
0.819851401487606	0.18014859851239398
0.25949369246016296	0.7405063075398371
0.6313908920142085	0.3686091079857915
0.20839342718129233	0.7916065728187076
0.9150559523065216	0.08494404769347841
0.9884095945080393	0.011590405491960647
