Score_0	Score_1
0.01878241318240037	0.9812175868175996
0.0016775983791149196	0.9983224016208851
0.0062294092379905795	0.9937705907620094
0.018266769773038583	0.9817332302269615
0.004063288638093976	0.995936711361906
0.0042019520419960266	0.9957980479580039
0.0009740556002010292	0.9990259443997991
0.008970819384765915	0.991029180615234
0.010717817876184088	0.989282182123816
0.0006705755638111155	0.999329424436189
0.06402021138030771	0.9359797886196922
0.005301474385951854	0.9946985256140481
0.020508721441437384	0.9794912785585627
0.002296991444877805	0.9977030085551222
0.008231489351350162	0.9917685106486498
0.006480737984501194	0.9935192620154988
0.003620622368037463	0.9963793776319626
0.004410128757934206	0.9955898712420657
0.0005039533186019796	0.999496046681398
0.06904827236594017	0.9309517276340598
0.0015812732473336143	0.9984187267526664
0.002925027057895724	0.9970749729421042
0.0019051734725236801	0.9980948265274764
0.05234217812710631	0.9476578218728937
0.08780030515265003	0.91219969484735
0.0900357801930908	0.9099642198069091
0.008661309668193428	0.9913386903318067
0.023216166526054672	0.9767838334739454
0.01531848199209478	0.9846815180079052
0.2010158891811436	0.7989841108188565
0.004463949753685026	0.9955360502463149
0.02871734336214391	0.9712826566378562
0.0006979596460529481	0.999302040353947
0.0037324036090929493	0.9962675963909071
0.004980065142985435	0.9950199348570147
0.007740375096584318	0.9922596249034157
0.477424756923182	0.5225752430768181
0.0013431206787741345	0.9986568793212258
0.0030652958024457665	0.9969347041975543
0.0008038950674182476	0.9991961049325818
0.002427907017426545	0.9975720929825733
0.009275687528979715	0.9907243124710202
0.04712876558157923	0.9528712344184209
0.005875233241495259	0.9941247667585047
0.18324077263706753	0.8167592273629325
0.002384320231856396	0.9976156797681435
0.00950658220207925	0.9904934177979208
0.005929406262193781	0.9940705937378063
0.023772120380617556	0.9762278796193824
0.05915596088080797	0.940844039119192
0.0677088508300866	0.9322911491699134
0.004388632981075724	0.9956113670189243
0.15680591760980692	0.8431940823901931
0.22467232542615134	0.7753276745738487
0.0008043106852626102	0.9991956893147375
0.33712893019361667	0.6628710698063833
0.016446714201195256	0.9835532857988047
0.0005482259459492101	0.999451774054051
0.2864759468464188	0.7135240531535813
0.34598683845268974	0.6540131615473102
0.000597312361555713	0.9994026876384442
0.006333660491147053	0.993666339508853
0.07556649365519039	0.9244335063448096
0.0005723641543148528	0.9994276358456851
0.0032183095098180957	0.9967816904901821
0.08570632068457851	0.9142936793154215
0.13944931891039442	0.8605506810896056
0.43832268240243677	0.5616773175975632
0.0012361294050905248	0.9987638705949096
0.037750783987602586	0.9622492160123974
0.11876979185182046	0.8812302081481794
0.014612396659795945	0.9853876033402041
0.0006666971820384005	0.9993333028179616
0.002581018199306806	0.9974189818006931
0.0011196976156975236	0.9988803023843025
0.0011882672815957563	0.9988117327184043
0.08474159737442766	0.9152584026255723
0.0012208590807927244	0.9987791409192072
0.15171336969098617	0.848286630309014
0.0014856100827741025	0.998514389917226
0.0011822677548036786	0.9988177322451962
0.002002842089881285	0.9979971579101188
0.0677708135273805	0.9322291864726194
0.002787911184096048	0.997212088815904
0.3764657852971883	0.6235342147028116
0.24949887722273717	0.7505011227772629
0.0012440140433942926	0.9987559859566056
0.0018715413002932113	0.9981284586997068
0.046864979897519476	0.9531350201024805
0.01348188535460868	0.9865181146453914
0.0013956916239359352	0.998604308376064
0.0009242847698675671	0.9990757152301324
0.011710702368315017	0.9882892976316849
0.0013566066839845626	0.9986433933160154
0.009224463250560056	0.99077553674944
0.00096628104687706	0.999033718953123
0.0007848384767108474	0.9992151615232892
0.0018025370905616178	0.9981974629094383
0.004279791737611327	0.9957202082623887
0.006762473316098782	0.9932375266839012
0.024229304845732314	0.9757706951542676
0.0009425451865572532	0.9990574548134428
0.028696721149716286	0.9713032788502837
0.03522621627407565	0.9647737837259245
0.001089337745922614	0.9989106622540774
0.9059288565067183	0.09407114349328169
0.0005272325665704348	0.9994727674334296
0.00558826192886277	0.9944117380711374
0.91073239589651	0.08926760410349006
0.04476701032346344	0.9552329896765366
0.28688332920351856	0.7131166707964814
0.7262836770565257	0.2737163229434743
0.22821419411584637	0.7717858058841536
0.2769946312259732	0.7230053687740268
0.1629241725067867	0.8370758274932133
0.24213901365856066	0.7578609863414393
0.7124739491719253	0.28752605082807475
0.08505584023288104	0.9149441597671188
0.3545676599344416	0.6454323400655584
0.22564757621948806	0.7743524237805118
0.2142604161790181	0.785739583820982
0.8515895665519595	0.1484104334480405
0.418100765896273	0.581899234103727
0.7056884489629593	0.2943115510370406
0.5938896996763937	0.4061103003236063
0.9098118167484781	0.09018818325152198
0.7658781070158025	0.2341218929841975
0.22995650446829696	0.7700434955317031
0.7185488867340721	0.281451113265928
0.7695813938275577	0.2304186061724422
0.45154076987427655	0.5484592301257234
0.4321870270180594	0.5678129729819406
0.9778634324302973	0.022136567569702746
0.6955469623262056	0.3044530376737944
0.41775126836763504	0.582248731632365
0.2378564915054377	0.7621435084945624
0.9362944856874986	0.06370551431250153
0.5803354412169839	0.4196645587830162
