Score_0	Score_1
0.08466666666666667	0.9153333333333332
0.04533333333333334	0.9546666666666667
0.32733333333333337	0.6726666666666666
0.05733333333333333	0.9426666666666665
0.09666666666666666	0.9033333333333333
0.1953333333333333	0.8046666666666666
0.002666666666666667	0.9973333333333333
0.07133333333333333	0.9286666666666668
0.27266666666666667	0.7273333333333334
0.016	0.984
0.3366666666666666	0.6633333333333333
0.032	0.968
0.05066666666666667	0.9493333333333334
0.06133333333333333	0.9386666666666666
0.4126666666666667	0.5873333333333333
0.05066666666666667	0.9493333333333333
0.03933333333333334	0.9606666666666666
0.16799999999999998	0.8320000000000001
0.008	0.992
0.30399999999999994	0.696
0.034666666666666665	0.9653333333333333
0.023333333333333334	0.9766666666666668
0.05800000000000001	0.942
0.09933333333333333	0.9006666666666666
0.28733333333333333	0.7126666666666667
0.35666666666666663	0.6433333333333333
0.21133333333333332	0.7886666666666666
0.4286666666666667	0.5713333333333332
0.06333333333333332	0.9366666666666668
0.35266666666666663	0.6473333333333333
0.07266666666666667	0.9273333333333333
0.004666666666666667	0.9953333333333333
0.013333333333333332	0.9866666666666667
0.2573333333333333	0.7426666666666666
0.23200000000000004	0.768
0.21933333333333332	0.7806666666666666
0.682	0.318
0.026666666666666665	0.9733333333333333
0.04466666666666667	0.9553333333333335
0.011333333333333334	0.9886666666666667
0.004666666666666667	0.9953333333333333
0.14933333333333335	0.8506666666666668
0.006	0.994
0.0	1.0
0.25266666666666665	0.7473333333333333
0.011333333333333334	0.9886666666666667
0.07533333333333334	0.9246666666666666
0.0013333333333333335	0.9986666666666666
0.004	0.9959999999999999
0.37	0.63
0.31333333333333335	0.6866666666666668
0.184	0.8160000000000001
0.244	0.756
0.25066666666666665	0.7493333333333334
0.003333333333333333	0.9966666666666667
0.5053333333333333	0.4946666666666667
0.05466666666666666	0.9453333333333334
0.006	0.9940000000000001
0.5826666666666667	0.4173333333333334
0.24466666666666667	0.7553333333333333
0.10199999999999998	0.898
0.014000000000000002	0.986
0.256	0.744
0.002666666666666667	0.9973333333333333
0.05533333333333333	0.9446666666666668
0.17200000000000001	0.8280000000000001
0.29466666666666663	0.7053333333333334
0.5433333333333332	0.45666666666666667
0.011333333333333334	0.9886666666666667
0.023333333333333334	0.9766666666666666
0.23066666666666666	0.7693333333333333
0.0013333333333333335	0.9986666666666666
0.034666666666666665	0.9653333333333334
0.054000000000000006	0.946
0.002	0.998
0.013333333333333332	0.9866666666666666
0.21066666666666664	0.7893333333333332
0.0	1.0
0.3226666666666667	0.6773333333333333
0.06999999999999999	0.9299999999999999
0.003333333333333333	0.9966666666666667
0.006666666666666666	0.9933333333333334
0.24133333333333332	0.7586666666666666
0.014666666666666666	0.9853333333333334
0.3633333333333334	0.6366666666666666
0.36666666666666664	0.6333333333333333
0.002666666666666667	0.9973333333333333
0.09466666666666668	0.9053333333333333
0.024666666666666663	0.9753333333333334
0.04466666666666667	0.9553333333333335
0.0	1.0
0.0006666666666666668	0.9993333333333332
0.14733333333333334	0.8526666666666667
0.01	0.99
0.07066666666666667	0.9293333333333333
0.003333333333333333	0.9966666666666667
0.0006666666666666668	0.9993333333333332
0.064	0.9360000000000002
0.005333333333333334	0.9946666666666666
0.012	0.9879999999999999
0.05066666666666667	0.9493333333333333
0.0013333333333333335	0.9986666666666666
0.21333333333333337	0.7866666666666667
0.05133333333333334	0.9486666666666667
0.06333333333333334	0.9366666666666668
0.5966666666666667	0.4033333333333333
0.004666666666666667	0.9953333333333333
0.028666666666666667	0.9713333333333335
0.7733333333333333	0.22666666666666666
0.394	0.6060000000000001
0.5993333333333334	0.40066666666666667
0.348	0.6519999999999999
0.384	0.616
0.22800000000000004	0.772
0.5713333333333332	0.4286666666666667
0.6686666666666667	0.33133333333333337
0.532	0.46799999999999997
0.3673333333333333	0.6326666666666666
0.4213333333333333	0.5786666666666667
0.3553333333333333	0.6446666666666666
0.546	0.454
0.736	0.26399999999999996
0.6839999999999999	0.316
0.45666666666666667	0.5433333333333333
0.66	0.33999999999999997
0.7333333333333333	0.2666666666666667
0.6526666666666667	0.3473333333333333
0.29333333333333333	0.7066666666666667
0.49799999999999994	0.502
0.6819999999999999	0.31799999999999995
0.6253333333333333	0.3746666666666666
0.48600000000000004	0.514
0.6546666666666667	0.3453333333333334
0.626	0.374
0.466	0.534
0.484	0.516
0.5966666666666667	0.4033333333333333
0.7106666666666668	0.28933333333333333
