Score_0	Score_1
0.0888	0.9112
0.024800000000000003	0.9751999999999998
0.23199999999999998	0.7680000000000001
0.0328	0.9672000000000001
0.072	0.9280000000000002
0.18080000000000002	0.8192
0.0032	0.9968
0.05600000000000001	0.944
0.18320000000000003	0.8168
0.023200000000000002	0.9768000000000001
0.3016	0.6984
0.0256	0.9743999999999999
0.0632	0.9368000000000001
0.055999999999999994	0.944
0.3136	0.6864000000000001
0.0512	0.9488
0.0344	0.9655999999999999
0.1816	0.8183999999999999
0.009600000000000001	0.9904
0.33280000000000004	0.6671999999999999
0.04479999999999999	0.9551999999999999
0.032	0.968
0.0632	0.9367999999999999
0.11440000000000002	0.8855999999999999
0.24080000000000004	0.7591999999999999
0.2944	0.7055999999999999
0.1504	0.8496
0.4016	0.5984
0.0928	0.9072000000000001
0.3744	0.6255999999999999
0.064	0.9359999999999999
0.0024000000000000002	0.9975999999999999
0.0008	0.9992000000000001
0.24159999999999998	0.7584
0.2344	0.7656000000000001
0.21439999999999998	0.7856
0.6808	0.31920000000000004
0.023200000000000002	0.9768000000000001
0.0336	0.9663999999999999
0.0056	0.9944
0.008799999999999999	0.9911999999999999
0.15760000000000002	0.8423999999999999
0.008799999999999999	0.9911999999999999
0.0	1.0
0.26799999999999996	0.732
0.012	0.9879999999999999
0.047200000000000006	0.9528000000000001
0.0024000000000000002	0.9975999999999999
0.0056	0.9944
0.3768	0.6232
0.2792	0.7208
0.15760000000000002	0.8423999999999999
0.2192	0.7807999999999999
0.236	0.7639999999999999
0.0024000000000000002	0.9975999999999999
0.4984	0.5016
0.04	0.96
0.0016	0.9984
0.6032	0.3968
0.31439999999999996	0.6856
0.1376	0.8624
0.014400000000000001	0.9856
0.25680000000000003	0.7432000000000001
0.004	0.9960000000000001
0.048799999999999996	0.9512
0.2048	0.7952
0.20800000000000002	0.792
0.5176000000000001	0.4824
0.0128	0.9872
0.020800000000000003	0.9792
0.2392	0.7607999999999999
0.007200000000000001	0.9928000000000001
0.0216	0.9783999999999999
0.057600000000000005	0.9423999999999999
0.0016	0.9984
0.008799999999999999	0.9911999999999999
0.1968	0.8032
0.0	1.0
0.35439999999999994	0.6456000000000001
0.08720000000000001	0.9128000000000001
0.004	0.9960000000000001
0.012	0.9879999999999999
0.22799999999999998	0.772
0.011199999999999998	0.9888
0.37279999999999996	0.6272
0.35839999999999994	0.6416000000000001
0.0	1.0
0.0816	0.9184000000000001
0.028800000000000003	0.9712
0.052000000000000005	0.9480000000000001
0.0008	0.9992000000000001
0.0	1.0
0.08320000000000001	0.9168
0.0112	0.9888
0.0888	0.9112
0.0048000000000000004	0.9952
0.0	1.0
0.0568	0.9431999999999998
0.0024000000000000002	0.9975999999999999
0.009600000000000001	0.9904
0.0568	0.9432
0.0032	0.9968
0.2048	0.7952
0.0624	0.9376
0.07919999999999999	0.9207999999999998
0.592	0.40800000000000003
0.0048000000000000004	0.9952
0.024	0.976
0.7343999999999999	0.2656
0.4488	0.5512
0.64	0.36000000000000004
0.37840000000000007	0.6216
0.4064	0.5936
0.2464	0.7535999999999999
0.5608000000000001	0.43920000000000003
0.6999999999999998	0.3
0.4664	0.5336000000000001
0.3624	0.6376
0.32239999999999996	0.6776
0.36000000000000004	0.64
0.5424	0.45760000000000006
0.6864000000000001	0.3136
0.6687999999999998	0.33120000000000005
0.3976	0.6024
0.6216000000000002	0.37840000000000007
0.7360000000000001	0.264
0.7008000000000001	0.2992
0.3104	0.6896000000000001
0.5208	0.47919999999999996
0.7176	0.28240000000000004
0.6336	0.36639999999999995
0.48	0.52
0.6776000000000001	0.3224000000000001
0.6008	0.3992
0.41600000000000004	0.584
0.4816	0.5184
0.5856000000000001	0.41439999999999994
0.728	0.272
