Score_0	Score_1
0.127	0.873
0.0025	0.9974999999999999
0.287	0.713
0.003	0.9970000000000001
0.0085	0.9914999999999999
0.3745	0.6255
0.0005	0.9995
0.0175	0.9825000000000002
0.16949999999999998	0.8305
0.035500000000000004	0.9644999999999999
0.2595	0.7405000000000002
0.0215	0.9785
0.017	0.983
0.0175	0.9825000000000002
0.4245	0.5755000000000001
0.0355	0.9644999999999999
0.0025	0.9975000000000002
0.009	0.991
0.001	0.999
0.619	0.38099999999999995
0.0025	0.9974999999999999
0.015	0.985
0.001	0.999
0.0675	0.9325000000000001
0.3055	0.6945
0.23349999999999999	0.7665
0.051000000000000004	0.9490000000000001
0.4779999999999999	0.522
0.01	0.9899999999999999
0.5815	0.41850000000000004
0.1415	0.8585
0.0	1.0
0.0045	0.9955
0.0005	0.9995
0.0	1.0
0.043	0.9570000000000001
0.4225	0.5775
0.017499999999999998	0.9824999999999999
0.0005	0.9995
0.0045	0.9955
0.0	1.0
0.10800000000000001	0.892
0.013000000000000001	0.9870000000000001
0.0	1.0
0.2995	0.7005
0.0	1.0
0.0205	0.9795
0.002	0.998
0.0205	0.9795
0.2635	0.7365
0.6300000000000001	0.37
0.043000000000000003	0.9570000000000001
0.4535	0.5465
0.304	0.696
0.002	0.998
0.827	0.17300000000000001
0.183	0.817
0.0015	0.9984999999999999
0.7855	0.2145
0.5265	0.47350000000000003
0.0195	0.9805000000000001
0.001	0.999
0.20250000000000004	0.7975000000000001
0.0035000000000000005	0.9964999999999999
0.012	0.9880000000000001
0.0655	0.9344999999999999
0.369	0.631
0.514	0.48599999999999993
0.013500000000000002	0.9865
0.1385	0.8615
0.0415	0.9585000000000001
0.0035000000000000005	0.9964999999999999
0.002	0.998
0.12250000000000001	0.8775000000000001
0.0035000000000000005	0.9964999999999999
0.036	0.9640000000000001
0.2465	0.7535000000000001
0.0765	0.9235
0.45999999999999996	0.54
0.031	0.9690000000000001
0.0005	0.9995
0.0035000000000000005	0.9964999999999999
0.135	0.865
0.002	0.998
0.335	0.665
0.27599999999999997	0.724
0.0	1.0
0.006500000000000001	0.9935
0.0	1.0
0.002	0.998
0.0005	0.9995
0.0055	0.9945
0.12799999999999997	0.8719999999999999
0.009	0.991
0.07250000000000001	0.9275
0.0465	0.9535
0.002	0.998
0.0425	0.9574999999999999
0.0	1.0
0.002	0.998
0.019999999999999997	0.9799999999999999
0.011000000000000001	0.9890000000000001
0.1645	0.8355
0.05450000000000001	0.9455
0.008	0.992
0.49099999999999994	0.5090000000000001
0.001	0.999
0.0365	0.9635
0.9615	0.0385
0.548	0.45199999999999996
0.9095000000000001	0.0905
0.6990000000000001	0.30100000000000005
0.26749999999999996	0.7325
0.15950000000000003	0.8405000000000001
0.8265	0.17350000000000002
0.8869999999999999	0.11300000000000002
0.8029999999999999	0.197
0.325	0.675
0.5505000000000001	0.4495
0.1095	0.8905000000000001
0.7494999999999999	0.2505
0.4149999999999999	0.585
0.8024999999999999	0.1975
0.2565	0.7434999999999998
0.7505	0.2495
0.9490000000000001	0.051000000000000004
0.7490000000000001	0.251
0.6599999999999999	0.33999999999999997
0.7205	0.27949999999999997
0.615	0.385
0.8765000000000001	0.12350000000000001
0.5555	0.4445
0.933	0.06699999999999999
0.8095000000000001	0.1905
0.678	0.322
0.633	0.367
0.709	0.29100000000000004
0.8385	0.1615
