Score_0	Score_1
0.31733333333333336	0.6826666666666668
0.03333333333333334	0.9666666666666666
0.1733333333333333	0.8266666666666665
0.014222222222222223	0.9857777777777776
0.052000000000000005	0.9480000000000001
0.1968888888888889	0.8031111111111112
0.002666666666666667	0.9973333333333333
0.013777777777777778	0.9862222222222222
0.24044444444444446	0.7595555555555557
0.05111111111111111	0.9488888888888889
0.3631111111111111	0.636888888888889
0.011555555555555557	0.9884444444444445
0.036	0.9640000000000001
0.003111111111111111	0.9968888888888889
0.21333333333333332	0.7866666666666666
0.03377777777777778	0.9662222222222221
0.0013333333333333333	0.9986666666666668
0.13422222222222224	0.8657777777777778
0.008444444444444445	0.9915555555555555
0.47777777777777775	0.5222222222222223
0.035555555555555556	0.9644444444444445
0.015555555555555555	0.9844444444444443
0.008	0.992
0.03111111111111111	0.968888888888889
0.25555555555555554	0.7444444444444445
0.31555555555555553	0.6844444444444445
0.16088888888888891	0.8391111111111111
0.2648888888888889	0.735111111111111
0.019555555555555555	0.9804444444444445
0.4497777777777777	0.5502222222222223
0.005333333333333333	0.9946666666666666
0.0013333333333333333	0.9986666666666666
0.0013333333333333333	0.9986666666666668
0.27244444444444443	0.7275555555555556
0.2866666666666667	0.7133333333333333
0.48933333333333334	0.5106666666666666
0.5586666666666666	0.4413333333333333
0.036	0.9640000000000001
0.025777777777777778	0.9742222222222223
0.0017777777777777779	0.9982222222222223
0.0035555555555555557	0.9964444444444445
0.06577777777777778	0.9342222222222223
0.008888888888888889	0.9911111111111112
0.0044444444444444444	0.9955555555555555
0.11111111111111112	0.888888888888889
0.0057777777777777775	0.9942222222222222
0.03333333333333333	0.9666666666666666
0.004888888888888889	0.9951111111111111
0.2391111111111111	0.760888888888889
0.16977777777777778	0.8302222222222222
0.23466666666666666	0.7653333333333333
0.1328888888888889	0.8671111111111112
0.5195555555555555	0.4804444444444444
0.17288888888888893	0.8271111111111111
0.015555555555555555	0.9844444444444443
0.5506666666666666	0.4493333333333333
0.05244444444444444	0.9475555555555555
0.0017777777777777779	0.9982222222222223
0.27244444444444443	0.7275555555555556
0.1622222222222222	0.8377777777777778
0.04488888888888889	0.955111111111111
0.008888888888888889	0.9911111111111112
0.022666666666666665	0.9773333333333334
0.051555555555555556	0.9484444444444444
0.07555555555555556	0.9244444444444444
0.10622222222222222	0.8937777777777779
0.4177777777777777	0.5822222222222222
0.2773333333333333	0.7226666666666667
0.015555555555555555	0.9844444444444445
0.012444444444444445	0.9875555555555555
0.5191111111111111	0.4808888888888889
0.0013333333333333333	0.9986666666666666
0.006222222222222222	0.9937777777777776
0.02311111111111111	0.9768888888888888
0.006666666666666666	0.9933333333333334
0.029777777777777775	0.9702222222222222
0.1288888888888889	0.8711111111111111
0.03511111111111111	0.9648888888888889
0.2995555555555555	0.7004444444444445
0.012444444444444444	0.9875555555555555
0.025333333333333336	0.9746666666666668
0.0044444444444444444	0.9955555555555555
0.05733333333333333	0.9426666666666668
0.004	0.9959999999999999
0.603111111111111	0.39688888888888885
0.2551111111111111	0.7448888888888889
0.0	1.0
0.01111111111111111	0.9888888888888889
0.0	1.0
0.008444444444444445	0.9915555555555556
0.002666666666666667	0.9973333333333333
0.003111111111111111	0.9968888888888889
0.016444444444444446	0.9835555555555555
0.0035555555555555557	0.9964444444444445
0.068	0.932
0.04044444444444444	0.9595555555555556
0.06222222222222222	0.9377777777777778
0.03155555555555556	0.9684444444444444
0.004888888888888889	0.9951111111111111
0.0057777777777777775	0.9942222222222222
0.036	0.9640000000000001
0.024	0.9760000000000002
0.5657777777777777	0.43422222222222223
0.02311111111111111	0.9768888888888888
0.08577777777777777	0.9142222222222223
0.5995555555555556	0.40044444444444444
0.01688888888888889	0.9831111111111112
0.07111111111111111	0.9288888888888888
0.7173333333333334	0.2826666666666667
0.4564444444444445	0.5435555555555556
0.6617777777777778	0.33822222222222226
0.3951111111111111	0.6048888888888888
0.24400000000000005	0.756
0.5008888888888889	0.49911111111111117
0.26311111111111113	0.7368888888888889
0.5982222222222222	0.4017777777777778
0.47511111111111115	0.5248888888888888
0.20977777777777776	0.7902222222222223
0.5097777777777778	0.4902222222222222
0.68	0.31999999999999995
0.21066666666666664	0.7893333333333332
0.4155555555555555	0.5844444444444445
0.6337777777777778	0.3662222222222223
0.6857777777777777	0.3142222222222222
0.5733333333333334	0.42666666666666664
0.5088888888888888	0.49111111111111116
0.5142222222222221	0.48577777777777775
0.29688888888888887	0.703111111111111
0.6071111111111112	0.3928888888888889
0.7182222222222222	0.2817777777777778
0.7008888888888889	0.2991111111111111
0.6524444444444445	0.3475555555555555
0.5275555555555556	0.4724444444444444
0.6537777777777778	0.3462222222222222
0.5977777777777777	0.4022222222222222
0.6973333333333334	0.30266666666666664
0.616	0.384
0.4373333333333333	0.5626666666666666
