Score_0	Score_1
0.5373333333333333	0.46266666666666667
0.04533333333333334	0.9546666666666667
0.256	0.744
0.011333333333333334	0.9886666666666667
0.05133333333333333	0.9486666666666668
0.16333333333333333	0.8366666666666667
0.002666666666666667	0.9973333333333333
0.024666666666666667	0.9753333333333334
0.22533333333333333	0.7746666666666667
0.17200000000000001	0.8280000000000001
0.5633333333333334	0.43666666666666665
0.06466666666666668	0.9353333333333331
0.11066666666666666	0.8893333333333334
0.037333333333333336	0.9626666666666666
0.21466666666666664	0.7853333333333332
0.07333333333333333	0.9266666666666665
0.0	1.0
0.002	0.998
0.0013333333333333335	0.9986666666666666
0.40533333333333327	0.5946666666666667
0.002666666666666667	0.9973333333333333
0.0006666666666666668	0.9993333333333332
0.008	0.992
0.10066666666666665	0.8993333333333332
0.2533333333333333	0.7466666666666667
0.6453333333333333	0.35466666666666674
0.03933333333333334	0.9606666666666668
0.38066666666666665	0.6193333333333333
0.05933333333333333	0.9406666666666667
0.45666666666666667	0.5433333333333333
0.03066666666666667	0.9693333333333334
0.0	1.0
0.056666666666666664	0.9433333333333334
0.043333333333333335	0.9566666666666667
0.027333333333333338	0.9726666666666667
0.19333333333333333	0.8066666666666666
0.6319999999999999	0.36800000000000005
0.01666666666666667	0.9833333333333334
0.010666666666666668	0.9893333333333334
0.04933333333333334	0.9506666666666668
0.01666666666666667	0.9833333333333334
0.122	0.8779999999999999
0.004666666666666667	0.9953333333333333
0.013999999999999999	0.986
0.17533333333333334	0.8246666666666667
0.0013333333333333335	0.9986666666666666
0.126	0.874
0.0013333333333333335	0.9986666666666666
0.126	0.874
0.422	0.5780000000000001
0.6733333333333333	0.3266666666666666
0.037333333333333336	0.9626666666666666
0.49066666666666664	0.5093333333333333
0.148	0.852
0.0013333333333333335	0.9986666666666666
0.6406666666666666	0.3593333333333334
0.13533333333333336	0.8646666666666667
0.010666666666666666	0.9893333333333333
0.6566666666666667	0.3433333333333333
0.5626666666666666	0.4373333333333333
0.052666666666666674	0.9473333333333332
0.006	0.994
0.29933333333333334	0.7006666666666668
0.022666666666666665	0.9773333333333334
0.029333333333333333	0.9706666666666667
0.092	0.908
0.5693333333333334	0.43066666666666664
0.3166666666666667	0.6833333333333333
0.021333333333333333	0.9786666666666666
0.07599999999999998	0.924
0.36933333333333335	0.6306666666666667
0.017333333333333333	0.9826666666666668
0.005333333333333334	0.9946666666666667
0.12333333333333334	0.8766666666666667
0.0013333333333333335	0.9986666666666666
0.11200000000000002	0.8879999999999999
0.11333333333333333	0.8866666666666667
0.036	0.9640000000000001
0.5800000000000001	0.42000000000000004
0.02733333333333333	0.9726666666666667
0.005333333333333334	0.9946666666666667
0.015999999999999997	0.984
0.122	0.8780000000000001
0.012666666666666668	0.9873333333333333
0.40800000000000003	0.592
0.5093333333333334	0.49066666666666664
0.03	0.97
0.005333333333333334	0.9946666666666666
0.0	1.0
0.0006666666666666668	0.9993333333333332
0.002666666666666667	0.9973333333333333
0.04733333333333334	0.9526666666666668
0.06999999999999999	0.93
0.037333333333333336	0.9626666666666667
0.132	0.868
0.018666666666666668	0.9813333333333333
0.0	1.0
0.03866666666666667	0.9613333333333334
0.014666666666666666	0.9853333333333334
0.029333333333333333	0.9706666666666667
0.038	0.9620000000000001
0.07333333333333333	0.9266666666666665
0.18933333333333333	0.8106666666666668
0.043333333333333335	0.9566666666666668
0.03666666666666667	0.9633333333333333
0.5813333333333333	0.41866666666666674
0.0006666666666666668	0.9993333333333334
0.1	0.9
0.9013333333333333	0.09866666666666668
0.45133333333333336	0.5486666666666666
0.9073333333333332	0.09266666666666666
0.4573333333333333	0.5426666666666666
0.08666666666666667	0.9133333333333333
0.22533333333333333	0.7746666666666667
0.6960000000000001	0.304
0.692	0.30800000000000005
0.5973333333333335	0.4026666666666666
0.5466666666666666	0.4533333333333333
0.5479999999999999	0.45199999999999996
0.12666666666666665	0.8733333333333334
0.7473333333333333	0.2526666666666667
0.7466666666666667	0.2533333333333333
0.7373333333333333	0.2626666666666666
0.2633333333333333	0.7366666666666667
0.6033333333333334	0.39666666666666667
0.9513333333333334	0.048666666666666664
0.6606666666666666	0.3393333333333333
0.49000000000000005	0.51
0.5786666666666667	0.4213333333333334
0.5559999999999998	0.44399999999999995
0.7073333333333334	0.29266666666666663
0.6246666666666666	0.37533333333333335
0.9466666666666667	0.05333333333333333
0.6553333333333333	0.3446666666666667
0.6473333333333334	0.35266666666666663
0.6233333333333333	0.37666666666666665
0.7413333333333333	0.2586666666666667
0.6993333333333334	0.3006666666666667
