Score_0	Score_1
0.2352	0.7648
0.0008	0.9992000000000001
0.22399999999999998	0.776
0.1012	0.8987999999999999
0.0264	0.9736
0.11760000000000001	0.8824
0.0	1.0
0.06240000000000001	0.9376000000000001
0.0	1.0
0.0524	0.9475999999999999
0.11680000000000001	0.8832000000000001
0.007999999999999998	0.9919999999999998
0.0384	0.9616
0.0324	0.9676
0.27799999999999997	0.7220000000000001
0.0772	0.9228
0.0312	0.9687999999999999
0.1016	0.8984
0.0	1.0
0.44239999999999996	0.5576000000000001
0.027200000000000002	0.9728
0.0092	0.9907999999999999
0.014400000000000001	0.9855999999999998
0.12120000000000002	0.8788
0.36279999999999996	0.6372
0.4104	0.5896
0.0888	0.9112
0.3264	0.6736000000000001
0.05199999999999999	0.9480000000000001
0.41479999999999995	0.5852
0.033600000000000005	0.9663999999999999
0.0	1.0
0.0032	0.9968
0.0	1.0
0.0092	0.9908000000000001
0.15	0.85
0.7736000000000001	0.2264
0.0372	0.9628
0.0008	0.9992000000000001
0.008400000000000001	0.9916
0.0004	0.9996
0.1732	0.8267999999999999
0.0248	0.9751999999999998
0.0028	0.9972
0.4372	0.5628
0.0	1.0
0.007600000000000001	0.9924
0.004	0.9960000000000001
0.007600000000000001	0.9924
0.39160000000000006	0.6083999999999999
0.384	0.6159999999999999
0.13279999999999997	0.8672000000000001
0.4444	0.5556
0.4332	0.5668
0.0	1.0
0.4096	0.5904
0.1136	0.8863999999999999
0.0	1.0
0.5748	0.42519999999999997
0.45	0.55
0.055600000000000004	0.9443999999999999
0.0012000000000000001	0.9987999999999999
0.1404	0.8596
0.036	0.9639999999999999
0.004	0.9959999999999999
0.0752	0.9248
0.31320000000000003	0.6868000000000001
0.402	0.598
0.0	1.0
0.0092	0.9907999999999999
0.168	0.8320000000000001
0.0036000000000000003	0.9964000000000001
0.0016	0.9984
0.0072	0.9927999999999999
0.0	1.0
0.0028	0.9972000000000001
0.23759999999999998	0.7624
0.012	0.9879999999999999
0.5132	0.4868
0.017599999999999998	0.9823999999999999
0.0	1.0
0.0124	0.9875999999999999
0.3708	0.6292
0.011199999999999998	0.9888
0.4224	0.5776000000000001
0.21880000000000002	0.7811999999999999
0.0008	0.9992000000000001
0.002	0.998
0.0	1.0
0.0004	0.9996
0.002	0.998
0.0016	0.9984
0.23079999999999998	0.7692
0.0016	0.9984
0.1224	0.8775999999999999
0.0016	0.9984
0.0008	0.9992000000000001
0.0176	0.9823999999999999
0.0016	0.9984
0.0012000000000000001	0.9987999999999999
0.0	1.0
0.0036000000000000003	0.9964000000000001
0.19519999999999998	0.8048
0.036	0.9640000000000001
0.0	1.0
0.4832000000000001	0.5168
0.0048000000000000004	0.9952
0.018399999999999996	0.9815999999999999
0.8904	0.10959999999999999
0.6668	0.3332
0.678	0.32199999999999995
0.5104	0.4896
0.40359999999999996	0.5964
0.033600000000000005	0.9663999999999999
0.6732	0.32680000000000003
0.5212	0.4788
0.7624000000000001	0.23759999999999998
0.39360000000000006	0.6064
0.738	0.262
0.6327999999999999	0.3672
0.3228	0.6771999999999999
0.6712	0.3288
0.742	0.258
0.7055999999999999	0.29440000000000005
0.7975999999999999	0.2024
0.8400000000000001	0.16
0.6252000000000001	0.37479999999999997
0.21800000000000003	0.7819999999999999
0.508	0.492
0.6832	0.3168
0.7756000000000001	0.2244
0.6344	0.36560000000000004
0.7299999999999999	0.26999999999999996
0.458	0.542
0.4444	0.5556
0.43240000000000006	0.5676
0.6932	0.3068
0.7064	0.29359999999999997
