Score_0	Score_1
-0.70752513	0.49833456
-0.678847	0.4999384
-0.7054499	0.4891898
-0.7169621	0.52028257
-0.7369773	0.5053942
-0.68863803	0.4931941
-0.70215595	0.50330454
-0.6796687	0.48482737
-0.7345916	0.5222522
-0.7152151	0.52082664
-0.7412197	0.5106095
-0.725376	0.53396904
-0.71748286	0.51295364
-0.6936653	0.51019216
-0.6816816	0.49747843
-0.69760096	0.49358112
-0.7349037	0.5392393
-0.72341204	0.5358222
-0.7501372	0.5318036
-0.7353155	0.52164286
-0.7509028	0.52082264
-0.72515047	0.5170901
-0.6907907	0.5156329
-0.68504614	0.48500553
-0.73678374	0.5114039
-0.69491494	0.5131397
-0.739554	0.5249724
-0.7803941	0.5510689
-0.6955516	0.5048927
-0.7272822	0.53904295
-0.74690235	0.54320073
-0.7050032	0.5139102
-0.7661726	0.5345088
-0.66171354	0.4771746
-0.7098805	0.52630496
-0.688444	0.49899864
-0.71192133	0.4974398
-0.72272027	0.53214014
-0.7082375	0.4919927
-0.671747	0.4856595
-0.7078432	0.5217626
-0.69528997	0.52900386
-0.69775856	0.5050489
-0.6957764	0.5143746
-0.7303859	0.5176223
-0.6933498	0.51050603
-0.76706076	0.5565627
-0.7542466	0.5321035
-0.73381275	0.5346767
-0.67338216	0.48798934
-0.68236965	0.50911003
-0.660529	0.4690817
-0.6653203	0.48576283
-0.7436169	0.54611605
-0.71147454	0.5194868
-0.6776044	0.47960123
-0.7575544	0.5524211
-0.7033386	0.52216727
-0.71402353	0.5152985
-0.72248316	0.50707847
-0.6921102	0.48954916
-0.72523916	0.5104116
-0.72553957	0.5393661
-0.73505586	0.5310465
-0.72025263	0.5155781
-0.70177656	0.5151016
-0.7191175	0.533823
-0.7453495	0.5388994
-0.68758786	0.49509233
-0.7411021	0.51626104
-0.7859886	0.5493452
-0.67309296	0.50353014
-0.6831192	0.49174184
-0.7236664	0.5096871
-0.7548834	0.5562719
-0.68296826	0.5019394
-0.70056486	0.5162381
-0.740462	0.51714313
-0.6824222	0.48965448
-0.74750465	0.5222385
-0.69803697	0.5052376
-0.6978458	0.49130893
-0.65358955	0.46558207
-0.7104107	0.5104977
-0.7113779	0.5107204
-0.7187211	0.5206586
-0.6940325	0.50579864
-0.67839277	0.49679643
-0.69156903	0.4853433
-0.6861826	0.49111015
-0.67251384	0.4707675
-0.6938653	0.49100256
-0.7065242	0.5120982
-0.7335465	0.5218326
-0.6907741	0.51316625
-0.75785303	0.5353491
-0.7159927	0.50906545
-0.7289534	0.5264495
-0.6985806	0.49355203
-0.7607195	0.5381094
-0.7132119	0.5277748
-0.75526327	0.53786993
-0.72970426	0.50593996
-0.71636635	0.5171116
-0.75183165	0.53521764
-0.69760764	0.49702945
-0.70422333	0.5106792
-0.7445961	0.528018
-0.6990963	0.5120553
-0.69270647	0.49936152
-0.6770292	0.49870864
-0.77102995	0.55416006
-0.68041044	0.47514087
-0.68479836	0.47408032
-0.73254997	0.49652892
-0.73808897	0.53480536
-0.67435277	0.47811976
-0.7186968	0.50469124
-0.69781005	0.5098604
-0.7142707	0.527966
-0.6865202	0.48338032
-0.68187743	0.48056617
-0.731094	0.5218434
-0.72215563	0.501476
-0.7800103	0.526857
-0.69964385	0.5078662
-0.72456706	0.49469757
-0.72566175	0.5139391
-0.70851696	0.4971435
-0.70599115	0.50709134
-0.7287872	0.52147776
-0.7216079	0.5218471
-0.722886	0.5270528
-0.74603736	0.52388275
-0.72892857	0.5093932
-0.7442835	0.5188118
-0.6965808	0.5067086
-0.72289795	0.52469623
