Score_0	Score_1
-0.91716385	1.0121918
-3.2418492	3.3968475
-0.9921114	1.1453625
-4.7239547	4.904093
-3.553311	3.779459
-0.95175016	1.0111922
-4.4115844	4.559918
-3.1307206	3.2133522
-1.2154434	1.2867447
-3.0922773	3.2933738
-2.510553	2.652357
-3.004341	3.1409218
-1.1276162	1.236105
-3.33302	3.4777973
-0.98787194	1.0620153
-0.69771725	0.75512433
-3.3564136	3.4462464
-2.784468	2.8524718
-4.295289	4.478177
-0.46008664	0.55499357
-3.70037	3.7970817
-1.2110255	1.3132422
-3.738266	4.0364447
-0.45199308	0.4932874
-0.5552199	0.62367934
-0.7084421	0.7716465
-1.0379727	1.1288995
-2.0336986	2.2322361
-2.6316972	2.8208117
-0.19149765	0.23133345
-2.0166779	2.0724277
-3.9517624	4.0288606
-5.281253	5.349112
-4.088526	4.3554926
-4.073663	4.169896
-2.1150324	2.2232668
-2.1383145	2.2803752
-2.154064	2.2358842
-4.434477	4.5248437
-4.598217	4.6959662
-4.2779417	4.58616
-0.43335453	0.4867661
-5.945067	6.0817003
-4.5468435	4.868028
-0.27333784	0.32837254
-7.3658724	7.5933037
-2.8314857	2.8857465
-4.971691	5.0248976
-2.7326176	2.964376
-0.19807161	0.27872247
-0.032245632	0.109757744
-1.7347063	1.8085293
-0.261412	0.26812664
-0.14037701	0.18912654
-4.601344	4.9142585
0.21005467	-0.1513922
-0.9901781	1.0181841
-5.0493164	5.2220907
0.25571814	-0.19682431
0.059324812	-0.008623084
-1.876462	1.9953222
-3.481526	3.5234857
-0.46962434	0.50748175
-4.5376196	4.54021
-2.0815666	2.2418609
-0.0038577677	0.0151090175
-0.056203526	0.117763124
0.2741006	-0.23725076
-2.3163238	2.5131717
-0.49793416	0.53667635
-0.8623371	0.92424613
-4.457296	4.7966866
-3.6748466	3.8200028
-1.26948	1.3029253
-4.072698	4.4769506
-1.8562405	1.9614284
-0.5256273	0.5692138
-4.548782	4.6843348
-0.6706065	0.7791895
-2.1203415	2.2912307
-5.124784	5.3078184
-3.5284886	3.7811837
0.055512656	0.0039031343
-4.2570047	4.6551976
-0.019842524	0.056259256
-0.19868815	0.253429
-3.4341671	3.7031586
-3.0834098	3.2634175
-4.8661995	5.046489
-5.098096	5.1010904
-5.156798	5.2351513
-4.310806	4.484668
-1.059902	1.1585222
-3.536857	3.6835465
-0.38447493	0.41066423
-0.14710094	0.20464656
-5.1949854	5.426759
-0.40032235	0.38381773
-5.764734	6.2128744
-3.2722595	3.5146966
-2.1528926	2.347975
-4.4484663	4.815997
-1.8289505	1.889507
0.03942988	0.0045298995
-3.2636802	3.5206742
-1.0032398	0.9120532
-3.9436955	4.089134
-1.9923834	2.177641
0.37421614	-0.34187654
0.09673448	-0.07617528
0.3843688	-0.3536185
0.19222179	-0.15431373
-0.57247365	0.618553
-4.1523232	4.555314
0.21854618	-0.16644774
0.19752233	-0.15114436
0.1951803	-0.14808838
0.054850925	0.0036886078
-0.102846265	0.13685973
-0.7386517	0.79864395
0.17962284	-0.10691559
-0.27147275	0.33693087
0.30216706	-0.2648824
-0.48659056	0.5704981
0.34290045	-0.30241305
0.3139197	-0.28611353
0.19814813	-0.12941307
0.10350059	-0.054358445
0.038429536	0.036726173
-0.15524246	0.16773558
0.43905926	-0.39369372
-0.045168992	0.09493443
0.26920447	-0.21611401
0.324997	-0.2596795
0.3563231	-0.3115024
0.09124334	-0.06933174
0.2345571	-0.18837199
0.27432722	-0.25741905
