Score_0	Score_1
-0.3368233	0.36332703
-3.9067142	3.922121
-0.21136446	0.24141888
-3.5656104	3.6431541
-3.271955	3.2492778
-1.0965521	1.1528089
-4.225983	4.267642
-2.9489672	2.9552617
-0.44021028	0.46490186
-3.7906013	3.9078357
-0.70284355	0.7100896
-1.2859706	1.3367252
-0.41731223	0.42869005
-2.919935	2.9380226
-0.23430917	0.23783967
-1.4460032	1.5138546
-3.8900342	3.9310708
-2.4993217	2.5219674
-2.7601285	2.826692
-1.1908137	1.2358346
-2.9888651	2.970904
-2.1541991	2.1701534
-5.072303	5.084466
-0.53449327	0.5628782
-0.15746267	0.16549484
-1.7282324	1.7632692
-1.0360601	1.0618467
-0.5847751	0.5968017
-1.0248219	1.0344812
-0.4680462	0.48611173
-1.0159045	1.0096059
-3.4449596	3.4385407
-3.5735226	3.652844
-1.7131522	1.7529657
-3.2664864	3.3245819
-0.35946813	0.34732205
-0.86856234	0.8872288
-1.8328073	1.8789107
-3.037716	3.086215
-3.9755435	4.001936
-4.390767	4.4215865
-0.35066503	0.371139
-5.3544855	5.3618064
-6.3597465	6.406053
-0.18176386	0.17175445
-5.730337	5.736137
-3.4238396	3.359045
-4.878711	4.9752307
-3.9480567	3.9524598
0.106716074	-0.108034536
0.011543164	-0.011941468
-1.964228	2.0001588
-0.07765266	0.07926123
-0.03430282	0.042565186
-5.823714	5.860382
0.12808105	-0.12323274
-0.8764963	0.9141568
-3.9478104	3.9910645
0.0140046	-0.011032742
0.1573665	-0.16133496
-2.6469743	2.6310594
-2.0958035	2.1207874
0.024517585	-0.04798132
-3.596906	3.620367
-2.1199088	2.1238878
-1.9779489	2.0197434
-0.6049076	0.61436814
0.24898204	-0.2519796
-3.243693	3.2586079
-0.78204405	0.8332521
-0.24601105	0.25514382
-2.9841547	3.038222
-2.9241	2.903508
-2.2298133	2.2201824
-5.894017	5.9352756
-1.321274	1.3107457
-0.2928916	0.3158837
-6.357186	6.3416915
-0.013659793	0.003621915
-1.858022	1.8368638
-4.884754	4.886613
-3.565403	3.6243043
-0.5654275	0.57220346
-4.44502	4.3921747
-0.21319589	0.20554769
-0.333669	0.35187885
-4.724627	4.749086
-6.47502	6.5445504
-5.1717877	5.305265
-6.6115866	6.787378
-2.6694894	2.6306357
-2.9548702	3.016399
-0.93772876	0.9554907
-2.403167	2.4746847
-0.27883282	0.29146492
-1.1386795	1.1383548
-4.3800607	4.392939
-0.4961775	0.5037572
-5.460752	5.538872
-2.600044	2.5969734
-1.1162603	1.1638091
-5.430812	5.326522
-0.4578866	0.4560539
-0.9073613	0.9407245
-2.5170531	2.5738766
-0.26640707	0.2664349
-6.3278017	6.4752455
-2.113151	2.1224074
0.1928114	-0.1973344
-0.46686655	0.46119437
0.13687713	-0.14371388
-0.18672562	0.19489965
-1.5680609	1.602534
-2.3161192	2.357592
-0.13650133	0.123273745
0.37564766	-0.37950814
0.059110515	-0.0755207
-0.026792016	0.039779894
-0.099255905	0.088313706
-0.309496	0.317453
-0.06464584	0.09162472
-0.037377685	0.03869689
0.037779678	-0.032103248
-1.2544132	1.2733586
0.03883505	-0.035732098
0.020401245	-0.02243423
0.05352536	-0.0443039
-0.60040164	0.60864353
-0.10837139	0.12312949
0.13014294	-0.14916697
0.12628746	-0.12326734
0.020689854	-0.02139556
0.053672753	-0.04889191
0.029494587	-0.031898223
0.25345856	-0.25263694
0.088187054	-0.09265856
0.035930898	-0.03393475
0.107888624	-0.11012952
