Score_0	Score_1
-0.72097075	0.5766691
-0.7186729	0.59511936
-0.7516588	0.6164218
-0.66461545	0.5642122
-0.7085793	0.60430765
-0.668433	0.54330146
-0.6995171	0.5684947
-0.704324	0.5844258
-0.69654775	0.5595213
-0.727901	0.59777606
-0.67754245	0.52692485
-0.69882095	0.5760663
-0.6425928	0.5409186
-0.69979715	0.5834595
-0.6672484	0.5393423
-0.7282162	0.6204315
-0.6492237	0.5353676
-0.6952864	0.5457405
-0.6788481	0.5452279
-0.7004367	0.57485825
-0.70983136	0.5671551
-0.6775114	0.5674118
-0.7255165	0.57886344
-0.7165492	0.6033412
-0.70114696	0.57351726
-0.69468987	0.570804
-0.67654383	0.56860936
-0.7364253	0.6219765
-0.7122153	0.5644526
-0.67243975	0.55194294
-0.7215942	0.58962095
-0.74786896	0.6182555
-0.69730973	0.54245645
-0.6857978	0.559822
-0.68570054	0.5461788
-0.68855715	0.5527857
-0.68595815	0.54620874
-0.717661	0.5951342
-0.66160864	0.5549191
-0.6938807	0.58242726
-0.6631914	0.5520953
-0.67993426	0.5650369
-0.70712245	0.60552454
-0.69584346	0.55281913
-0.6842135	0.5603657
-0.6793647	0.566216
-0.6846592	0.5591148
-0.68568164	0.59276676
-0.74832314	0.6233539
-0.70530903	0.58250654
-0.67866766	0.524095
-0.65765756	0.5410685
-0.68280876	0.5954857
-0.684327	0.5865696
-0.6759267	0.56884295
-0.7135469	0.5832957
-0.72500664	0.6081265
-0.7000388	0.5613322
-0.67144316	0.56627107
-0.6789901	0.5799281
-0.69293547	0.5778968
-0.70516145	0.60711706
-0.69323665	0.56004506
-0.6883778	0.5771132
-0.69623566	0.6103414
-0.70239353	0.5898434
-0.7156555	0.5845641
-0.6853576	0.58454627
-0.6835141	0.55197763
-0.7227241	0.60401165
-0.7137197	0.589767
-0.67279035	0.5609211
-0.6938705	0.5738921
-0.6748983	0.5597502
-0.6829666	0.57253945
-0.67675626	0.5562107
-0.6932734	0.56334186
-0.70752585	0.5786626
-0.70937043	0.59809387
-0.69825375	0.57095045
-0.71012425	0.60879374
-0.679045	0.5606205
-0.6361098	0.518949
-0.6897533	0.58766574
-0.70001936	0.56162375
-0.65898496	0.51635116
-0.72142935	0.59870297
-0.64390105	0.5340503
-0.71063894	0.59295356
-0.7200218	0.5842885
-0.69369996	0.54574955
-0.6952845	0.55731964
-0.68113506	0.5493859
-0.7290883	0.60164946
-0.7380276	0.62312615
-0.6690265	0.5392981
-0.692417	0.5619475
-0.6880237	0.56302196
-0.64739347	0.50453246
-0.6786197	0.56621397
-0.71292925	0.5971554
-0.68167657	0.567692
-0.68828005	0.60091674
-0.68846303	0.5466553
-0.6163919	0.5029503
-0.6837746	0.55594766
-0.7216221	0.61261004
-0.6993897	0.58414865
-0.67188036	0.5510327
-0.6753533	0.5709633
-0.7102655	0.5736166
-0.7288459	0.5719623
-0.69491243	0.57660043
-0.701279	0.581565
-0.64779973	0.5625111
-0.69835746	0.5708954
-0.6902267	0.59667766
-0.7203325	0.60546494
-0.7125877	0.5745244
-0.6397128	0.52036554
-0.7002126	0.5801181
-0.6660969	0.5703405
-0.7142204	0.5813484
-0.6873271	0.55867326
-0.6853908	0.59008014
-0.7140611	0.56525683
-0.70252395	0.57322645
-0.6414443	0.5288571
-0.7158456	0.5551578
-0.70483506	0.57958907
-0.6900605	0.57765377
-0.69060886	0.5741108
-0.66590947	0.5468318
-0.69410574	0.57372093
-0.6732319	0.5396277
-0.6947697	0.5660955
-0.6543779	0.5325416
-0.7036587	0.5843853
