Score_0	Score_1
-0.7505321916869807	0.7298939008942771
-2.1870323225187893	2.0956574186014767
-1.1946039574986358	1.029635278150008
-2.109731285966223	1.688136050300584
-2.5155585041988515	2.2873567373900237
-1.9338013652260262	1.7244695348834156
-1.825188343494429	1.720714414883945
-1.4246630180112696	1.256531378451206
-1.258826276818638	1.0734249097950508
-2.580291413098707	2.261647763679558
-1.3405248663549483	1.2602435987914462
-1.8602848958224965	1.5177028960238808
-2.6298965498094495	2.3502278610353406
-1.725667896567978	1.5033133950821533
-2.0936809299160775	2.071975893554065
-1.5774093577547357	1.4507151652657475
-0.7686455802476863	0.6832030695037504
-1.4054147782636937	1.441441722980465
-1.8482481714093317	1.4643459345900645
-0.7637007911807383	0.7529109050637568
-1.7653798916876227	1.5005190927723955
-2.2474242895515357	1.9860015163492755
-2.706085183843744	2.180370992546054
-1.4183219302258585	1.3350919302365873
0.067332729007706	-0.11508149833073711
-1.7457550781961781	1.6490055837230386
-0.4215020886718575	0.47652027027401767
-1.4958625777662868	1.3449979666969254
-1.6108198965719944	1.5909071638069159
-0.9779335224084305	0.8797305686724431
-2.217713709453707	2.056195314506655
-2.6746999346749902	2.270796470198723
-3.072082517802061	2.962754943231088
-2.3596477038074606	2.115809115410752
-1.1157544929153977	0.9836899554597595
-1.7472888365027945	1.4923955435194216
0.25508915743012045	-0.2224460801559569
-1.8655920815023739	1.5862632584127743
-2.3048982020346895	1.9660225705433465
-2.7399730334080274	2.513101304510933
-1.6352118981606498	1.3584096191055313
0.2146028309638378	-0.1938590188399034
-2.6199007672183545	2.0596948307864698
-2.9623249965424066	2.9131139911725845
-0.21891057762966504	0.28770962629185065
-2.9483624731757723	2.4771635368723164
-2.323043867171684	2.123109166046857
-2.7050100803918355	2.523073717012675
-2.607707305968681	2.2975862068145267
-0.5737709501205503	0.5586665911047279
-0.044939447072301054	0.09418878009135896
-2.9552832845380688	2.426522960616229
-0.7363270497810723	0.6540350989989322
-0.8595332289797858	0.8307295476459261
-1.4989828952785398	1.203336948020862
-1.338817985497089	1.3030061787785805
-1.3975512680017825	1.1618494090044376
-1.0880482362337291	0.9168018392351648
0.1270663167455113	-0.09060237747116051
-0.32485102302517394	0.13955657245403427
-2.4364722432749386	2.1845066807723956
-2.511907171718831	2.3485198532666316
-0.6383626833016872	0.48306947196078304
-2.6988775233108586	2.618236690727749
-2.0271037791051563	1.8314493868627248
-1.6694622654219815	1.4182371515532681
-0.31623178074443925	0.25197805687471814
-0.7531214771935822	0.8848577327548943
-1.0652088309228265	0.9283197606503807
-0.8193421901363172	0.7645484423734782
-0.18878998424542273	0.1256325692279371
-1.816512706609213	1.59883958372637
-1.5617126843157851	1.455867833974306
-1.8473226959290392	1.7247637644193856
-2.5073094220619363	2.2491966735979876
-1.3270430591317208	1.144955575626313
-0.3207752964894492	0.43427599092329733
-3.1847859230468223	2.8768284526297996
-1.0782955289753138	0.8179979623230157
-1.317270270208019	1.0960461559091985
-2.8369978034260797	2.4933774832648954
-2.2030355278877534	1.9423395737238842
-0.15954860023099088	0.18078801628388863
-1.491262003486109	1.4018476304459098
0.1862485526524822	-0.1821841647001942
0.11607628746194419	-0.044310647332298524
-2.822830312326584	2.43528069344663
-2.9128045643636153	2.658792754537718
-2.3863826749310264	2.081720169145402
-2.82859623455315	2.3395915331771886
-1.9183105922103572	1.5380684257905333
-3.1178746090338927	2.870136068861316
-1.7105474174677966	1.481180916295413
-2.5130615563332275	2.248688969129248
-1.4158333628138833	1.187986804918541
-2.2948145025785545	2.093292966864087
-1.838831220563917	1.7282216593590067
-2.206883855154042	1.829264005015219
-2.5128507481769993	2.1153624670462086
-2.6163027394971876	2.2142660130224256
-0.40995378905549523	0.35637578357274213
-2.4311197259911346	2.074723726400579
-1.3965321681306353	1.3350927731797686
-0.3331309050988935	0.3047927242439769
-2.2827580245819363	1.9104321074969246
-1.9480901198351646	1.7394456701243186
-2.3729432542773905	2.088371785447282
-2.5654508992912963	2.255784603444993
0.5847087289391962	-0.5516180431345113
0.3937722454070389	-0.42802575822664696
-0.4575292197541594	0.5225153145865797
0.28587751519977816	-0.2616734013686554
-0.6079323250860033	0.7380554337114154
-3.1016110476173027	2.648606528472609
-0.3949891377031083	0.306858184291847
0.3529600081468945	-0.41697843647254756
0.2491051426712282	-0.16365350496606107
0.18129590114111074	-0.13331943027828505
0.1607165580040547	-0.2091555888500147
0.17231170640550164	-0.18771431402526406
-0.7248441680125618	0.7407002825391515
-0.33541497909072776	0.33191777838313324
0.03732814105907101	-0.06815844737051942
0.610286001909401	-0.5828733737753092
-0.023976819968778502	-0.08203288191898801
0.691094032085621	-0.6748614620732106
0.3741227692387616	-0.3475912469212825
-0.3639009437383624	0.41045285551959393
0.17236010045594155	-0.0928212441333749
-0.7426177871242258	0.5732644410943083
-0.15893067457636464	0.12166731283923256
0.05283110234691243	-0.12479702277534743
0.41770547915686035	-0.43227988147923213
-0.1250591939413571	0.11806195882201427
-0.30863310087534374	0.17734735212040528
-0.27898629665632774	0.03203117261588306
0.40123650538270056	-0.41710736274564647
0.15718240103688932	-0.29523233633803425
