Score_0	Score_1
-0.30763215	0.2932486
-5.500747	5.559384
-0.13983548	0.08756359
-2.4928346	2.175529
-3.492321	3.7702725
-11.986109	11.343135
-4.988984	4.7781205
-6.040244	6.1669283
-0.491167	0.4203112
-3.841123	3.797058
-4.950048	4.9542303
-4.9474077	4.845289
-3.621832	3.647237
-4.8445916	5.124902
-0.0039891005	-0.09455943
-3.6082695	3.816831
-3.7211213	3.885392
-0.1510221	0.12395569
-4.243017	4.1430526
-0.38524985	0.291427
-2.564217	2.4539018
-3.130022	2.855225
-2.9967551	3.2011845
-3.4975324	3.5715744
-0.17327914	0.089870274
-3.9028466	3.9445686
-0.30314404	0.19600904
-0.3189272	0.23679432
-2.7404513	2.8192008
-0.28690705	0.27809566
-2.4073508	2.2624815
-3.7000434	3.5298164
-4.1810904	4.2778807
-0.7196616	0.538778
-0.79966116	0.6670785
-0.13519108	0.02992683
-0.29878783	0.19373186
-5.27169	5.194269
-6.8312225	6.7219925
-3.9359126	3.9920216
-3.1499352	3.1296544
-0.05800696	0.010106173
-9.820498	9.066459
-8.788177	7.7240458
-0.252312	0.14265573
-8.84387	8.08545
-4.906263	4.6006584
-10.384029	9.750284
-3.800356	3.8083606
0.023735097	-0.07444094
-0.41269547	0.32756016
-3.5415173	3.6025379
-0.0831764	0.06273702
-0.18001798	0.15860763
-9.795413	8.873868
-0.15711114	0.071493536
-3.8154006	3.8522477
-11.810028	10.938403
-0.2816626	0.13883771
-0.6917564	0.60258764
-1.0689533	0.9603778
-3.7125697	3.69357
-5.060886	5.2274694
-5.976963	5.699609
-4.0082884	4.009226
-4.0501084	3.9619217
-0.5254995	0.46482366
-0.0073361336	-0.088322416
-2.5769181	2.6601653
-3.2647004	3.2286808
-0.36440808	0.24904807
-4.275406	4.335881
-3.1936913	3.2601821
-0.8508955	0.68516713
-7.153001	6.635865
-1.594566	1.6029202
-3.6390328	3.6309528
-11.826933	11.245457
-0.1593822	0.09423709
-5.2642946	5.5812683
-8.026938	8.027652
-11.104465	10.428815
-1.4196444	1.4494066
-4.408471	4.458402
-0.049491756	0.033488065
-0.21079485	0.08890413
-10.496608	10.167426
-2.7361593	2.760401
-10.1335125	9.494641
-8.400568	7.872037
-4.810069	4.7458677
-8.114922	7.6851625
-4.156117	4.0847936
-6.1284394	6.0613837
-4.4736414	4.685411
-3.4045944	3.5538929
-4.287174	4.821413
-1.4842087	1.3485489
-9.180018	8.496581
-3.797104	3.6885383
-5.8814363	6.0846515
-1.0456959	0.99135894
-0.2063332	0.12793183
-4.269078	4.443587
-4.007057	3.912332
-1.958731	1.5469413
-8.941091	7.9503584
-3.7885246	3.803939
-0.068978235	0.04631076
-0.06050732	-0.039472494
-0.16777888	0.073960125
-0.11777878	0.021573225
0.07277955	-0.12152816
-11.098383	10.262398
0.11817765	-0.16869196
-0.9694379	0.8520397
-1.3270859	1.5749115
-0.10227704	0.0558124
-0.055219084	-0.008619085
-0.12925902	-0.02718624
-0.30583757	0.34133142
0.0034318925	-0.035488207
-0.7676872	0.55714405
-0.21786216	0.12774785
-0.15701526	0.070691906
-0.088610396	-0.007049625
-0.251752	0.20522444
-0.64326584	0.4379863
-0.040056378	-0.06741897
-0.07628441	0.0515953
-2.6792111	2.638271
-0.25293303	0.09036261
-0.12821075	0.08205396
-0.9337467	0.8808173
-0.20377438	0.10711291
-0.56605875	0.45344576
-0.09334479	-0.03590433
-0.064393565	-0.0055069337
