Score_0	Score_1
0.020127229368029145	0.979872770631971
6.635784210833371e-08	0.9999999336421579
0.021609326791519667	0.9783906732084804
0.051802537133664985	0.948197462866335
0.022038851903475657	0.9779611480965243
0.00414525526081291	0.9958547447391872
1.0188573773031494e-08	0.9999999898114261
0.014882460506131272	0.9851175394938687
0.018887144106878702	0.9811128558931212
1.073644839015447e-07	0.9999998926355161
0.18167075889908804	0.818329241100912
7.447018096423129e-07	0.9999992552981904
0.007677313289471412	0.9923226867105285
0.004099021959710716	0.9959009780402892
0.014956936146536032	0.9850430638534637
0.007940903692235785	0.9920590963077643
0.012812081611431608	0.9871879183885686
0.011183009605644747	0.9888169903943552
5.6436912731506126e-08	0.9999999435630873
0.11412886972322289	0.8858711302767771
0.017937572198475703	0.9820624278015243
0.011054283556219433	0.9889457164437806
0.013099929401960989	0.9869000705980391
0.027960832122061064	0.972039167877939
0.1517445340647259	0.848255465935274
0.019997120953573894	0.980002879046426
0.06216430097869212	0.9378356990213078
0.2468453729567403	0.7531546270432598
0.012017893924721476	0.9879821060752786
0.35045996955339787	0.649540030446602
0.05412174991528196	0.945878250084718
0.0010121102130369933	0.9989878897869631
1.258004576658833e-06	0.9999987419954234
0.0009203426459081924	0.9990796573540919
0.03291615749191804	0.967083842508082
0.03294836912451832	0.9670516308754816
0.6157043216771265	0.38429567832287354
0.0006192459826620222	0.9993807540173381
3.038612233559711e-07	0.9999996961387765
3.8623991928869876e-07	0.9999996137600806
0.0027700362548671994	0.9972299637451328
0.016465466123878312	0.9835345338761217
7.474650820429376e-08	0.9999999252534918
1.0448129868220876e-06	0.9999989551870131
0.127938001502867	0.8720619984971331
0.008858295005198889	0.991141704994801
4.197135811413643e-06	0.9999958028641884
6.9971254550946046e-09	0.9999999930028745
0.008854970483596358	0.9911450295164037
0.0859425891753026	0.9140574108246973
0.3079308029945891	0.6920691970054109
1.2723179968512393e-08	0.9999999872768199
0.062274988957504704	0.9377250110424953
0.11575948456743146	0.8842405154325685
5.567659998155616e-07	0.9999994432340001
0.38545651461022673	0.6145434853897733
0.10830322132860656	0.8916967786713934
3.507094936282512e-07	0.9999996492905063
0.34062716523968034	0.6593728347603196
0.36347282806865194	0.6365271719313481
2.576944852350332e-07	0.9999997423055149
4.5474518674676495e-06	0.9999954525481325
0.14035034325205684	0.859649656747943
1.7034773409014126e-09	0.9999999982965226
0.02403496290324417	0.9759650370967557
0.023816390598728296	0.9761836094012717
0.3877266329034645	0.6122733670965355
0.6591987672688928	0.3408012327311072
2.474262822043527e-07	0.9999997525737176
3.14705331432564e-06	0.9999968529466857
0.37638812829814927	0.6236118717018506
0.0005094996213116263	0.9994905003786883
4.688996398209716e-06	0.9999953110036017
7.22143663877043e-07	0.9999992778563362
6.436758072382489e-13	0.9999999999993564
0.013044014339786724	0.9869559856602134
0.03879972408215158	0.9612002759178484
3.00000089999998e-14	0.99999999999997
0.8074874268652097	0.19251257313479023
0.009022044343202713	0.9909779556567972
7.140049738243083e-10	0.9999999992859951
4.0058297339150304e-08	0.9999999599417027
0.180393847416146	0.8196061525838539
5.385254266743128e-07	0.9999994614745733
0.3750244545371573	0.6249755454628426
0.2818008750973778	0.718199124902622
2.741150572027606e-09	0.9999999972588494
0.01982479019171511	0.9801752098082849
0.015455029051702835	0.9845449709482971
0.050163471840392895	0.9498365281596071
4.588471726932477e-07	0.9999995411528273
1.1273761870197589e-06	0.9999988726238129
0.05549536041286714	0.9445046395871328
0.006328332054166113	0.993671667945834
0.037208111090585645	0.9627918889094144
2.2841704170363485e-06	0.999997715829583
3.747606649613544e-10	0.9999999996252393
0.0007235899957364516	0.9992764100042635
2.8124407833001882e-06	0.9999971875592166
0.00247344440526615	0.9975265555947338
0.008572422714474642	0.9914275772855253
1.628944686921311e-11	0.9999999999837106
0.02153404011176776	0.9784659598882322
0.08253662513798976	0.9174633748620102
1.0752684125580493e-06	0.9999989247315874
0.9616766238785616	0.038323376121438504
3.968459013214299e-10	0.9999999996031541
0.0015941927086703962	0.9984058072913296
0.9124236516326227	0.08757634836737722
0.462708655845298	0.537291344154702
0.5309356394426576	0.4690643605573424
0.48531770500793414	0.5146822949920657
0.1627660487980763	0.8372339512019238
0.4426264678057697	0.5573735321942304
0.901966114491238	0.09803388550876191
0.9107379766960133	0.08926202330398668
0.9681557651244364	0.03184423487556363
0.7061158207777942	0.29388417922220583
0.9270706941114453	0.07292930588855469
0.5160684869272055	0.4839315130727945
0.5304186235635402	0.46958137643645975
0.9416921960322975	0.0583078039677025
0.997431919595049	0.0025680804049509703
0.6492532273857574	0.3507467726142426
0.9324814049871737	0.06751859501282623
0.9781665107943265	0.0218334892056735
0.9319426026183173	0.06805739738168273
0.6479509585167801	0.3520490414832199
0.8115884197722808	0.18841158022771926
0.9058531715102655	0.0941468284897345
0.9928932966803495	0.0071067033196504465
0.9232066379193602	0.07679336208063987
0.8817825254331387	0.11821747456686134
0.9656456481063398	0.0343543518936602
0.8693192945958017	0.13068070540419835
0.6993021879799141	0.30069781202008583
0.8354146153039721	0.16458538469602782
0.9324897123148587	0.06751028768514136
