Score_0	Score_1
0.3804259070709354	0.6195740929290647
0.012801114893302993	0.987198885106697
0.2547843980766093	0.7452156019233908
0.01389321368536785	0.9861067863146322
0.06029622385684563	0.9397037761431545
0.009612918361501504	0.9903870816384985
0.013329335324475469	0.9866706646755246
0.008471176720034442	0.9915288232799655
0.08345614763472872	0.9165438523652714
0.03711814684050803	0.962881853159492
0.11000146761914054	0.8899985323808594
0.06449114855254443	0.9355088514474555
0.07066433055783587	0.929335669442164
0.01704022932194122	0.9829597706780587
0.15747691735181935	0.8425230826481807
0.0510091733670562	0.9489908266329439
0.05087325480619363	0.9491267451938065
0.019398962140971015	0.9806010378590289
0.005789928004893036	0.9942100719951071
0.6760913975711992	0.323908602428801
0.007729299193705362	0.9922707008062949
0.01255455882038734	0.9874454411796127
0.049196694666463314	0.9508033053335367
0.10413226624705793	0.8958677337529419
0.20070476505121423	0.7992952349487858
0.5709197103859065	0.4290802896140936
0.02345633741300206	0.9765436625869979
0.5186669463353029	0.4813330536646972
0.08357062987342449	0.9164293701265753
0.4845817049806615	0.5154182950193384
0.014849991945551722	0.9851500080544483
0.00628477663255213	0.9937152233674478
0.04524840766117799	0.954751592338822
0.09506006337380128	0.9049399366261988
0.04380112574293495	0.956198874257065
0.10779746892904132	0.8922025310709587
0.7520142877069136	0.24798571229308636
0.004232483473144399	0.9957675165268555
0.004716998780626249	0.9952830012193736
0.009969140620951266	0.9900308593790488
0.02631523536099044	0.9736847646390097
0.053748479706569555	0.9462515202934304
0.03386564660971649	0.9661343533902835
0.04243289959896312	0.9575671004010369
0.029792100912752428	0.9702078990872476
0.025939454912387368	0.9740605450876128
0.046693602223730014	0.9533063977762698
0.04022250296901768	0.9597774970309825
0.046693602223730014	0.9533063977762698
0.033730002222298466	0.9662699977777015
0.27327910370723474	0.7267208962927654
0.015407664562689032	0.984592335437311
0.03681947951717805	0.9631805204828219
0.06733835862945574	0.9326616413705443
0.044728300061211375	0.9552716999387888
0.8007013706172439	0.19929862938275614
0.12502216158762666	0.8749778384123733
0.020763566393948715	0.9792364336060512
0.9083594118206815	0.0916405881793185
0.3545329433681933	0.6454670566318066
0.03996596834072922	0.9600340316592707
0.02735332732665654	0.9726466726733435
0.042552330571845536	0.9574476694281543
0.005451779671829872	0.9945482203281701
0.07751925537084665	0.9224807446291534
0.06054692703499583	0.9394530729650041
0.1991488027094806	0.8008511972905193
0.0343533166071043	0.9656466833928956
0.006278293464183886	0.993721706535816
0.022064172537605252	0.9779358274623945
0.25458139612126374	0.7454186038787363
0.022415077948859923	0.97758492205114
0.018207880208157213	0.9817921197918427
0.007790123802475094	0.9922098761975249
0.03901685794834835	0.9609831420516517
0.036190701909773554	0.9638092980902264
0.031931254946677326	0.9680687450533227
0.07866861783141235	0.9213313821685876
0.2167687389540453	0.7832312610459546
0.01185798604122258	0.9881420139587774
0.0014384026239097666	0.9985615973760902
0.0421909957544507	0.9578090042455493
0.05611806607987439	0.9438819339201256
0.10052116363512893	0.8994788363648712
0.12286881540223682	0.8771311845977632
0.24314282084043243	0.7568571791595675
0.0034560806514019144	0.9965439193485981
0.04432755726434413	0.9556724427356558
0.047512357239931864	0.9524876427600683
0.04415490433379944	0.9558450956662006
0.0709688241733579	0.9290311758266421
0.03234734453070261	0.9676526554692974
0.058310515119587826	0.9416894848804122
0.026600895005425257	0.9733991049945747
0.14418308609701563	0.8558169139029843
0.026269052069705846	0.973730947930294
0.024054595993701848	0.975945404006298
0.02689009319430243	0.9731099068056975
0.06464039646963111	0.9353596035303688
0.03485410035139751	0.9651458996486024
0.002961787448092662	0.9970382125519073
0.005294340430954687	0.9947056595690453
0.15002896695460455	0.8499710330453955
0.19263739939341937	0.8073626006065806
0.0024240340786102566	0.9975759659213898
0.8196644712987122	0.18033552870128783
0.02796669221128929	0.9720333077887107
0.06448858459339919	0.9355114154066009
0.9814596928101109	0.018540307189889194
0.7222059721250682	0.2777940278749317
0.8122327078593854	0.18776729214061474
0.6052900477380119	0.3947099522619881
0.07548864823939375	0.9245113517606063
0.09380669423379599	0.906193305766204
0.8748023067319417	0.12519769326805816
0.7238534134154643	0.2761465865845357
0.8703171284721423	0.12968287152785765
0.7804342133408314	0.21956578665916857
0.5964686038009042	0.40353139619909584
0.6350606927912047	0.3649393072087953
0.7479482999606584	0.25205170003934174
0.9662502720756677	0.03374972792433231
0.9398268761910945	0.060173123808905514
0.6015196061948486	0.3984803938051515
0.8741530063501809	0.12584699364981905
0.9878816146435299	0.012118385356470198
0.9245619842561332	0.07543801574386684
0.7531603803051523	0.2468396196948477
0.8682207515570457	0.13177924844295436
0.6670750833358252	0.33292491666417484
0.8553910476559217	0.14460895234407833
0.7108715246209982	0.28912847537900166
0.8805592593460314	0.11944074065396852
0.931560132455855	0.06843986754414508
0.8798654892632722	0.12013451073672765
0.4715489565447342	0.5284510434552658
0.81897196458208	0.18102803541791998
0.8690875390570296	0.1309124609429704
