Score_0	Score_1
0.1399230475241736	0.8600769524758265
0.002357773404312904	0.9976422265956872
0.14618740669294772	0.8538125933070523
0.011868308510770831	0.9881316914892292
0.008673815343284406	0.9913261846567158
0.08343995371327544	0.9165600462867246
0.0036622200189113316	0.9963377799810887
0.03766520408656586	0.9623347959134343
0.03497194284549234	0.9650280571545078
0.012209831783695654	0.9877901682163044
0.0612101367274054	0.9387898632725946
0.015989494520759675	0.9840105054792403
0.11457377440555574	0.8854262255944443
0.03766520408656586	0.9623347959134343
0.16409377782281317	0.8359062221771868
0.06983786836146759	0.9301621316385322
0.01970775623585294	0.9802922437641473
0.005154864770982367	0.9948451352290176
0.002335055882255177	0.9976649441177446
0.6357834639231456	0.36421653607685445
0.0061705092667923905	0.9938294907332075
0.008245958332991448	0.9917540416670085
0.014685360035511727	0.9853146399644881
0.04188227939332413	0.958117720606676
0.23268495244136367	0.7673150475586362
0.47783782991057366	0.5221621700894263
0.08400492177676694	0.9159950782232331
0.24444603384759253	0.7555539661524077
0.022745909281869987	0.9772540907181299
0.47259804548525564	0.5274019545147444
0.029263545296732307	0.9707364547032677
0.0027699605684077715	0.9972300394315923
4.700255542922639e-06	0.999995299744457
0.01824381082726259	0.9817561891727375
0.011476272072542159	0.9885237279274579
0.14877754350865652	0.8512224564913435
0.4521584941725935	0.5478415058274064
0.015947264127625267	0.9840527358723747
0.004106904473047411	0.9958930955269526
4.700255542922639e-06	0.999995299744457
0.02322926415904626	0.9767707358409539
0.12900741777602703	0.8709925822239729
0.0063293571566275285	0.9936706428433725
0.0007527560983390311	0.9992472439016609
0.20673778383398358	0.7932622161660163
0.001627531629250634	0.9983724683707493
0.006951002317860416	0.9930489976821395
8.265121081442889e-07	0.9999991734878918
0.006951002317860416	0.9930489976821395
0.21914808524763146	0.7808519147523685
0.21986316512208876	0.7801368348779112
0.012174481863002688	0.9878255181369973
0.24680464798931467	0.7531953520106854
0.2513394323110421	0.748660567688958
0.0005807072100448558	0.9994192927899551
0.7372159059694628	0.2627840940305373
0.11933176286784206	0.8806682371321578
0.0008249201271925844	0.9991750798728074
0.6882755982778643	0.3117244017221357
0.6395571850881644	0.3604428149118356
0.0005744270248637566	0.9994255729751362
1.040616353967912e-06	0.9999989593836462
0.054525557814893634	0.9454744421851065
1.7565961790409613e-06	0.9999982434038209
0.04654105170365462	0.9534589482963455
0.06926678014560622	0.930733219854394
0.517209569182336	0.482790430817664
0.7598851202782294	0.24011487972177062
0.007933731591341033	0.9920662684086589
0.008533430244392912	0.9914665697556071
0.08437056560473712	0.9156294343952629
0.01362904344382879	0.9863709565561714
2.2466222907782297e-06	0.9999977533777091
0.03059460041074812	0.9694053995892519
4.534632732146878e-06	0.9999954653672678
0.006202809117611617	0.9937971908823883
0.060836051954280546	0.9391639480457196
0.00294635971335912	0.9970536402866408
0.8849207783929927	0.11507922160700723
0.047273581438456086	0.952726418561544
5.009732144876518e-07	0.9999994990267854
1.870459316780856e-06	0.9999981295406831
0.23558610967025465	0.7644138903297453
1.293164954028512e-07	0.9999998706835047
0.33062248676580797	0.6693775132341921
0.25386955947046586	0.7461304405295343
0.0023387830368297204	0.9976612169631703
0.01022084561990283	0.989779154380097
0.0005659751175576839	0.9994340248824424
0.010623870868808224	0.9893761291311918
1.2915718956030704e-06	0.9999987084281043
1.7542831204670741e-06	0.9999982457168795
0.19029562170678027	0.8097043782932196
0.015109125593355472	0.9848908744066446
0.017179053897397344	0.9828209461026025
0.0045673029615104725	0.9954326970384896
2.1837664437612807e-06	0.9999978162335562
0.051339228523970326	0.9486607714760297
0.0005984212008547974	0.9994015787991453
0.006151974316137083	0.9938480256838629
0.0008141089795732834	0.9991858910204267
0.0006637888281198927	0.9993362111718801
0.10182272432755195	0.8981772756724482
0.14729935668043004	0.8527006433195699
0.0043437054409727425	0.995656294559027
0.6484082428686937	0.35159175713130614
7.250994087488285e-07	0.9999992749005913
0.016482412863473926	0.983517587136526
0.9394920122119427	0.06050798778805746
0.4989328176427101	0.5010671823572898
0.8091089076900208	0.19089109230997917
0.689190357239858	0.31080964276014217
0.226165936390008	0.7738340636099919
0.029588333969221593	0.9704116660307787
0.6960893470927192	0.3039106529072808
0.9133926147354531	0.08660738526454684
0.8749021101775207	0.12509788982247932
0.5810638604818147	0.4189361395181853
0.5525157236139834	0.4474842763860166
0.2990646236437188	0.7009353763562813
0.5590736270943271	0.4409263729056728
0.6444070349730288	0.3555929650269712
0.9806203322496021	0.019379667750397855
0.4548769579694939	0.545123042030506
0.9288282430455475	0.07117175695445246
0.9784402408106978	0.021559759189302374
0.8965883836345447	0.10341161636545519
0.7226543514428367	0.27734564855716326
0.8665997119089193	0.13340028809108068
0.6566178485672006	0.3433821514327995
0.9643800548778474	0.0356199451221526
0.4358556551741371	0.564144344825863
0.8548776684234589	0.14512233157654097
0.9686973901424786	0.031302609857521445
0.8878927637694594	0.11210723623054068
0.7675972776333564	0.23240272236664367
0.7728303106997811	0.2271696893002189
0.97481134242718	0.0251886575728201
