Score_0	Score_1
0.01528929646506648	0.9847107035349335
3.754819643173299e-08	0.9999999624518037
0.02102335314314646	0.9789766468568535
0.025431144268425084	0.9745688557315748
0.010781183557745022	0.989218816442255
0.004111859410418742	0.9958881405895813
8.678007318384151e-09	0.9999999913219927
0.01596007502411912	0.9840399249758807
0.004336913025047616	0.9956630869749524
1.51044181130737e-08	0.9999999848955818
0.23559063990146875	0.7644093600985312
7.297119966766117e-07	0.9999992702880034
0.007460852920322362	0.9925391470796775
0.0032763459971569967	0.996723654002843
0.01310708127852051	0.9868929187214794
0.0047857633440102475	0.9952142366559897
0.007218647979877091	0.992781352020123
0.008735056482567175	0.9912649435174329
7.681981070363762e-08	0.9999999231801893
0.1109822218340547	0.8890177781659453
0.015209683927494649	0.9847903160725056
0.008912517659072191	0.9910874823409278
0.005796452651514078	0.9942035473484859
0.023931902711337327	0.9760680972886627
0.1271139567818792	0.8728860432181207
0.005787746721241273	0.9942122532787587
0.06194040113134928	0.9380595988686506
0.2474461748419498	0.7525538251580504
0.014463251816868089	0.9855367481831317
0.39169589229479496	0.6083041077052048
0.04791336931698413	0.9520866306830159
0.0006464454900619779	0.999353554509938
8.741317142894298e-07	0.9999991258682858
0.0005417081218455606	0.9994582918781545
0.01419513700224002	0.98580486299776
0.02315287668545348	0.9768471233145466
0.6526044130299334	0.3473955869700666
0.0006043112290656241	0.9993956887709343
5.52363926694622e-07	0.9999994476360735
8.99473368232116e-08	0.9999999100526631
0.002255493797158022	0.997744506202842
0.03718920671693173	0.9628107932830682
2.611902256832769e-07	0.9999997388097743
6.192507460951907e-07	0.9999993807492539
0.0937083784933316	0.9062916215066685
0.005968469122184893	0.9940315308778149
0.000655641659594927	0.9993443583404051
8.925962391308199e-09	0.9999999910740376
0.008646182767995555	0.9913538172320046
0.09522991078135637	0.9047700892186434
0.2883015302289819	0.711698469771018
1.3943896711206865e-08	0.9999999860561031
0.07360329983447231	0.9263967001655278
0.08919368513085126	0.9108063148691489
1.545838147583914e-06	0.9999984541618525
0.4300071618503236	0.5699928381496764
0.06657881881457388	0.933421181185426
1.7127834450924337e-07	0.9999998287216554
0.4314108463001153	0.5685891536998847
0.32283313206171066	0.6771668679382894
1.623278725072961e-07	0.9999998376721276
0.0005844822379507898	0.9994155177620492
0.2568135620765196	0.7431864379234804
4.5167572391293027e-10	0.9999999995483243
0.0167963766883731	0.983203623311627
0.0331851237287203	0.9668148762712798
0.4918036582531503	0.5081963417468497
0.726903010536527	0.27309698946347316
4.192876346639457e-07	0.9999995807123654
0.00173238236996789	0.998267617630032
0.23638802251625038	0.7636119774837496
0.000717651616455373	0.9992823483835446
3.881507492823936e-06	0.9999961184925071
5.153177797793054e-07	0.9999994846822202
2.5305657355513234e-13	0.9999999999997469
0.008388550279986839	0.991611449720013
0.03800174096971019	0.9619982590302897
3.00000089999998e-14	0.99999999999997
0.9051677282649615	0.09483227173503847
0.0030219829873747487	0.9969780170126252
2.469544915238963e-10	0.9999999997530455
3.5630157136301494e-07	0.9999996436984286
0.22129991308569746	0.7787000869143025
1.5104050833258136e-06	0.9999984895949166
0.3763784924988505	0.6236215075011495
0.25167220720302164	0.7483277927969784
1.237120401505895e-09	0.9999999987628796
0.015014363514737344	0.9849856364852627
0.019303394976318593	0.9806966050236815
0.1041553140909339	0.8958446859090662
1.0574619193972253e-06	0.9999989425380805
7.413122014144422e-07	0.9999992586877987
0.031538568746991666	0.9684614312530083
0.001669243739786878	0.9983307562602132
0.047889161395724356	0.9521108386042755
2.484720614793068e-06	0.9999975152793852
1.6343339040666493e-09	0.9999999983656661
0.000779416292447796	0.9992205837075522
3.224562748544834e-07	0.9999996775437252
0.003634589313176918	0.9963654106868232
0.0047722308584135075	0.9952277691415865
2.2941128790032085e-11	0.9999999999770589
0.012287527570853421	0.9877124724291466
0.08818966305169332	0.9118103369483066
8.275745557881314e-07	0.9999991724254441
0.8991693106296182	0.10083068937038175
4.092283841130928e-10	0.9999999995907716
0.0007593710387412306	0.9992406289612588
0.9054988848449282	0.09450111515507177
0.5291743190449969	0.4708256809550031
0.6013664075004819	0.398633592499518
0.5367844381361933	0.4632155618638068
0.2365893064953198	0.7634106935046802
0.4333043072740163	0.5666956927259837
0.8907910308481103	0.10920896915188964
0.9655641958705736	0.03443580412942648
0.9608142462000293	0.0391857537999708
0.6349782030019944	0.36502179699800563
0.9128734585405771	0.08712654145942274
0.4704974029673097	0.5295025970326903
0.3611990360992906	0.6388009639007094
0.9167906651987636	0.08320933480123642
0.9960888302529035	0.003911169747096543
0.5315596321082932	0.4684403678917068
0.9690515390403671	0.030948460959632752
0.9847685176148172	0.01523148238518279
0.9179830015707873	0.08201699842921259
0.7603409038045803	0.23965909619541964
0.818823408903867	0.18117659109613302
0.961760434974012	0.03823956502598792
0.9928675803918564	0.00713241960814366
0.9513391540273318	0.04866084597266819
0.9090678707658597	0.09093212923414025
0.962726976178516	0.03727302382148415
0.9151530296608168	0.08484697033918324
0.8378194042282427	0.16218059577175736
0.8601653285085682	0.13983467149143175
0.9631236650284368	0.036876334971563215
