Score_0	Score_1
0.21027936279543039	0.7897206372045696
0.21027936258483945	0.7897206374151605
0.2102793625819234	0.7897206374180766
0.21027936298373745	0.7897206370162625
0.21027936258212682	0.789720637417873
0.21027941080750337	0.7897205891924968
0.21028363269902894	0.7897163673009711
0.21027936258428553	0.7897206374157145
0.21027936258225233	0.7897206374177477
0.2102793625821319	0.7897206374178681
0.21027936258467053	0.7897206374153294
0.21027936258212682	0.789720637417873
0.2102793626240656	0.7897206373759345
0.21027944004441018	0.7897205599555899
0.21027936534840772	0.7897206346515924
0.21027936258212634	0.7897206374178738
0.2102793627021203	0.7897206372978796
0.21027936273853495	0.7897206372614649
0.21027936276139836	0.7897206372386016
0.2102793625821089	0.7897206374178912
0.21027936258212704	0.7897206374178729
0.21027938232697574	0.7897206176730242
0.2102795774153153	0.7897204225846848
0.21027938979278932	0.7897206102072106
0.2102795446062427	0.7897204553937571
0.21027936258212682	0.789720637417873
0.2662282647458219	0.7337717352541782
0.21027936258209787	0.7897206374179022
0.21027942275977402	0.789720577240226
0.21027936258212682	0.789720637417873
0.2102793625989375	0.7897206374010625
0.2103203499442762	0.7896796500557237
0.24253226520318635	0.7574677347968136
0.21027936258212682	0.789720637417873
0.21027936258212682	0.789720637417873
0.21027936292114516	0.789720637078855
0.21027936258141175	0.7897206374185883
0.21027936258212798	0.789720637417872
0.21027936258212732	0.7897206374178727
0.24307213592512217	0.7569278640748779
0.21028046541312856	0.7897195345868715
0.21031036878701478	0.7896896312129853
0.21027936258212682	0.789720637417873
0.21028011054730023	0.7897198894526998
0.21027936263679106	0.7897206373632089
0.21027936258243418	0.7897206374175659
0.21027936258212682	0.789720637417873
0.21027936258227237	0.7897206374177277
0.21027936258212682	0.789720637417873
0.2102861375491142	0.7897138624508858
0.21027936258212682	0.789720637417873
0.21027936258212682	0.789720637417873
0.21027936261128347	0.7897206373887167
0.21027936296968144	0.7897206370303185
0.21027936258212682	0.789720637417873
0.21027936258156435	0.7897206374184356
0.21027936267463976	0.7897206373253602
0.21027936258212682	0.789720637417873
0.2102797567672936	0.7897202432327064
0.21027936258212682	0.789720637417873
0.21027936258212682	0.789720637417873
0.21027936258212682	0.789720637417873
0.21027936258212682	0.789720637417873
0.21027936258212682	0.789720637417873
0.21027936258212648	0.7897206374178735
0.21027936258212682	0.789720637417873
0.2102793625821334	0.7897206374178666
0.21027942357489224	0.7897205764251076
0.21027936258212682	0.789720637417873
0.21027936258212682	0.789720637417873
0.21027936258212682	0.789720637417873
0.21027936272892384	0.7897206372710761
0.2102793625821287	0.7897206374178714
0.21027936258237592	0.7897206374176242
0.2102793628649028	0.7897206371350972
0.21027936258212682	0.789720637417873
0.21027936258337948	0.7897206374166206
0.24115135467931653	0.7588486453206834
0.21027936258212682	0.789720637417873
0.21027936258212682	0.789720637417873
0.21027936284588672	0.7897206371541132
0.21027936271385647	0.7897206372861435
0.21027954873627777	0.7897204512637223
0.2102793625822234	0.7897206374177766
0.21027936083710674	0.789720639162893
0.21027936291883614	0.7897206370811638
0.21027944408950122	0.7897205559104987
0.21027936258212682	0.789720637417873
0.21027952789817245	0.7897204721018276
0.21027936258212696	0.789720637417873
0.21027936258666227	0.7897206374133376
0.2107809442751732	0.7892190557248269
0.21027936258221142	0.7897206374177885
0.23296480249169987	0.7670351975083001
0.21027936258303387	0.7897206374169661
0.21027976412349864	0.7897202358765013
0.2102793633672586	0.7897206366327413
0.21027936258212682	0.789720637417873
0.21027936258212682	0.789720637417873
0.21106249189706375	0.7889375081029363
0.2102793625821282	0.7897206374178717
0.21027936258215235	0.7897206374178476
0.21027936258148863	0.7897206374185113
0.2102793960118457	0.7897206039881544
0.21027936270275455	0.7897206372972455
0.21027936258212682	0.789720637417873
0.21027936258213398	0.7897206374178659
0.21027936258214425	0.7897206374178556
0.21027694670157732	0.7897230532984226
0.21027936258185473	0.7897206374181452
0.21027936257829988	0.7897206374217001
0.2102793625832203	0.7897206374167798
0.21027936258213636	0.7897206374178636
0.21027936258212682	0.789720637417873
0.21027936258212682	0.789720637417873
0.21027936258212682	0.789720637417873
0.21027936258212696	0.7897206374178729
0.21027935746202137	0.7897206425379786
0.2102793625821266	0.7897206374178734
0.210279327860263	0.7897206721397371
0.2102793629039676	0.7897206370960322
0.21027936258270624	0.7897206374172938
0.21027936258212682	0.789720637417873
0.210279362606581	0.7897206373934189
0.21027936258212682	0.789720637417873
0.2102781980046716	0.7897218019953286
0.21027935856077895	0.789720641439221
0.21027936258212682	0.789720637417873
0.21027936258079963	0.7897206374192003
0.21027936258212682	0.789720637417873
0.21027936258212612	0.7897206374178738
0.21027936258212682	0.789720637417873
0.21024898268763956	0.7897510173123605
0.21027936258212682	0.789720637417873
0.21027936258212682	0.789720637417873
0.21027936258212682	0.789720637417873
0.21027936034393263	0.7897206396560674
0.21027936258212682	0.789720637417873
