Score_0	Score_1
0.040735539173369945	0.95926446082663
0.0008663545805590582	0.9991336454194408
0.07005742539974365	0.9299425746002562
0.04816159613732911	0.9518384038626706
0.003752653857240498	0.9962473461427594
0.02483505564442538	0.9751649443555748
4.6439976695918133e-07	0.999999535600233
0.006322568485930715	0.9936774315140694
0.02551818668956806	0.9744818133104319
0.0006001982756407532	0.9993998017243593
0.021832150315164053	0.9781678496848359
0.008233350920040261	0.9917666490799597
0.021146172217195374	0.9788538277828046
0.006332405977796582	0.9936675940222035
0.14967429676993016	0.8503257032300698
0.010046031992701338	0.9899539680072987
0.02745053145761242	0.9725494685423877
0.0925873978180634	0.9074126021819365
0.005563467423666682	0.9944365325763332
0.2836803918958073	0.7163196081041927
0.03179774116712621	0.9682022588328738
0.03475669485249585	0.9652433051475041
0.001508696452141154	0.9984913035478588
0.016992907957073568	0.9830070920429262
0.4468736163186877	0.5531263836813123
0.36616926053103194	0.6338307394689681
0.09220645555086263	0.9077935444491372
0.26752427043873805	0.7324757295612621
0.03786604383436683	0.9621339561656331
0.11070106374949336	0.8892989362505066
0.011628883254954318	0.9883711167450457
0.0012761247377745901	0.9987238752622254
0.007117911919430608	0.9928820880805695
0.005849012841090663	0.9941509871589093
0.0069188716392697275	0.9930811283607301
0.017713336315269227	0.9822866636847308
0.8594936297718336	0.14050637022816628
0.0007090141577196532	0.9992909858422804
0.0016976722190068304	0.998302327780993
0.006617760261266592	0.9933822397387335
0.0038220337828601967	0.9961779662171398
0.04372518934048354	0.9562748106595164
0.03374507217981725	0.9662549278201826
0.0006463629226004368	0.9993536370773995
0.1171156580932949	0.8828843419067051
0.020626455433700792	0.9793735445662992
5.379516861015955e-06	0.9999946204831389
0.011585474309803345	0.9884145256901966
5.379516861015955e-06	0.9999946204831389
0.10050766728500235	0.8994923327149976
0.21804138083388375	0.7819586191661162
0.13116374724870292	0.8688362527512972
0.08899640095609343	0.9110035990439064
0.07051687122564541	0.9294831287743545
0.0023728726636850273	0.997627127336315
0.4784450460058121	0.5215549539941879
0.5190716612504198	0.48092833874958013
0.001323039980514914	0.9986769600194851
0.6658546080812071	0.334145391918793
0.8830397542498376	0.1169602457501624
0.13140641260788472	0.8685935873921153
0.014421372320911497	0.9855786276790883
0.40232297835253733	0.5976770216474627
0.007292843087041452	0.9927071569129586
0.0017709125644011798	0.9982290874355988
0.029393994592002204	0.9706060054079979
0.8001697127075953	0.19983028729240473
0.16341426491352776	0.8365857350864723
2.4694944237852504e-06	0.9999975305055763
0.011818936852870743	0.9881810631471293
0.04339217636509972	0.9566078236349002
0.006298627211535068	0.993701372788465
0.0007495853250918418	0.999250414674908
0.006714321571566291	0.9932856784284336
0.0008171451729689627	0.9991828548270311
0.014686370723790237	0.9853136292762098
0.03633081960615164	0.9636691803938484
0.2084438885860967	0.7915561114139035
0.9335105264445123	0.0664894735554877
0.007795593110848219	0.9922044068891518
1.1717608771701386e-06	0.9999988282391229
0.002307160352056914	0.9976928396479432
0.40474230328740124	0.5952576967125989
0.010305501811540486	0.9896944981884594
0.3887616460836044	0.6112383539163955
0.2372506908646715	0.7627493091353286
2.426841964922514e-06	0.9999975731580351
0.013375730864081009	0.986624269135919
0.010031544029200729	0.9899684559707993
0.02645229985278355	0.9735477001472166
0.0005835191717271525	0.999416480828273
0.023511744560886255	0.9764882554391138
0.047479131597162584	0.9525208684028375
0.002572463731263982	0.9974275362687359
0.07755517085531805	0.922444829144682
0.00958657981892311	0.9904134201810768
0.028859807616650995	0.971140192383349
0.0009511245381873515	0.9990488754618128
0.0015009532649011797	0.9984990467350988
0.014022534302147055	0.985977465697853
0.005581560106734248	0.9944184398932657
9.015557700940257e-07	0.9999990984442301
0.02866684515355423	0.9713331548464458
0.04852472381612988	0.9514752761838701
1.8241816102114747e-06	0.99999817581839
0.9359762220572435	0.06402377794275636
0.017925585003461746	0.9820744149965381
0.00907270522304851	0.9909272947769514
0.9702810472588018	0.029718952741198224
0.898585188241267	0.10141481175873301
0.5848008439344684	0.4151991560655316
0.749987142907673	0.250012857092327
0.1084530146380485	0.8915469853619514
0.23322711311135316	0.7667728868886468
0.7819381949094545	0.2180618050905454
0.9256950640240639	0.07430493597593604
0.8745837671499247	0.12541623285007536
0.9582191222351476	0.041780877764852425
0.7938929987169179	0.20610700128308218
0.48776246475082174	0.5122375352491784
0.12049820122602481	0.879501798773975
0.9214824923400389	0.07851750765996116
0.9959678533761167	0.004032146623883229
0.7935562212750983	0.20644377872490183
0.9221285923480685	0.07787140765193135
0.8616666026140576	0.13833339738594236
0.9856497904625439	0.014350209537456221
0.7353622376963519	0.2646377623036481
0.8615015363239111	0.13849846367608878
0.9770309669197081	0.022969033080292005
0.9984563943532245	0.001543605646775349
0.9677824694625086	0.03221753053749139
0.9396309189950933	0.06036908100490669
0.9160425394280265	0.0839574605719734
0.5207388975789976	0.4792611024210025
0.7434766517654662	0.2565233482345339
0.8909338778852837	0.10906612211471627
0.992017807380203	0.00798219261979706
