Score_0	Score_1
0.011625528	0.9883745
0.00385499	0.996145
0.018753469	0.98124653
0.0036777258	0.9963223
0.0039045215	0.9960955
0.10878706	0.89121294
0.0032727718	0.9967272
0.0067035556	0.99329644
0.0073722005	0.9926278
0.004586518	0.9954135
0.03887278	0.9611272
0.0070293546	0.99297065
0.015851855	0.98414814
0.0067035556	0.99329644
0.03164661	0.9683534
0.009450734	0.99054927
0.010847092	0.9891529
0.0038205385	0.99617946
0.0036216378	0.99637836
0.35618746	0.64381254
0.003198266	0.99680173
0.0030143857	0.9969856
0.0039848685	0.99601513
0.008235157	0.99176484
0.033158362	0.96684164
0.37970173	0.62029827
0.009484649	0.99051535
0.4748767	0.5251233
0.005084276	0.9949157
0.7356746	0.26432538
0.006529331	0.99347067
0.0034551024	0.9965449
0.0035216212	0.9964784
0.00407815	0.99592185
0.004328966	0.99567103
0.015197575	0.9848024
0.3117802	0.6882198
0.005678177	0.9943218
0.0035345554	0.99646544
0.0035216212	0.9964784
0.0041025877	0.9958974
0.011467218	0.9885328
0.005026579	0.9949734
0.0028874874	0.9971125
0.0335539	0.9664461
0.0030868053	0.9969132
0.0037738085	0.9962262
0.002861023	0.997139
0.0037738085	0.9962262
0.01977557	0.98022443
0.15786886	0.84213114
0.0036857724	0.9963142
0.016979456	0.98302054
0.021403193	0.9785968
0.0033344626	0.99666554
0.93463767	0.065362304
0.81960666	0.18039337
0.0032926798	0.9967073
0.8347841	0.1652159
0.8063623	0.19363771
0.0036540627	0.99634594
0.0027882457	0.99721175
0.034379482	0.9656205
0.003015697	0.9969843
0.004447162	0.99555284
0.0062837005	0.9937163
0.15031815	0.84968185
0.46937042	0.5306296
0.0037115812	0.9962884
0.0042092204	0.9957908
0.009633541	0.99036646
0.004152596	0.9958474
0.0029462576	0.99705374
0.0076749325	0.99232507
0.003204763	0.99679524
0.0035216212	0.9964784
0.009009004	0.990991
0.0035668612	0.99643314
0.96773225	0.032267757
0.0076939464	0.99230605
0.0030258894	0.9969741
0.003180623	0.9968194
0.65134835	0.34865162
0.0036320686	0.99636793
0.2870711	0.7129289
0.062396705	0.9376033
0.0036198497	0.99638015
0.0034630299	0.99653697
0.002946496	0.9970535
0.0033643842	0.9966356
0.002894938	0.99710506
0.0035375953	0.9964624
0.043016434	0.95698357
0.005032122	0.9949679
0.0036970377	0.99630296
0.003376007	0.996624
0.002776742	0.99722326
0.0052247047	0.9947753
0.0032480955	0.9967519
0.002968073	0.9970319
0.0036457777	0.9963542
0.0040732026	0.9959268
0.015318394	0.9846816
0.026161253	0.97383875
0.0041618347	0.99583817
0.89109033	0.10890965
0.0029027462	0.99709725
0.0051215887	0.9948784
0.9814405	0.018559542
0.88816845	0.111831516
0.9719344	0.02806565
0.9722717	0.027728304
0.028021514	0.9719785
0.004404485	0.9955955
0.6390967	0.36090332
0.9785119	0.021488048
0.9650322	0.034967784
0.78770846	0.21229155
0.87270474	0.12729527
0.35315043	0.6468496
0.94666266	0.053337343
0.86819035	0.13180964
0.9827259	0.017274108
0.8784339	0.12156611
0.9713568	0.028643169
0.9885537	0.01144627
0.98328304	0.016716981
0.97682977	0.023170225
0.9758265	0.024173511
0.9550253	0.044974715
0.97688454	0.02311547
0.9275415	0.07245853
0.97841024	0.02158976
0.98572713	0.014272846
0.9103568	0.08964317
0.9370141	0.062985875
0.8942017	0.10579828
0.73351544	0.26648456
