Score_0	Score_1
0.008695841	0.99130416
0.0028068423	0.99719316
0.012299657	0.98770034
0.0031365156	0.9968635
0.0030381083	0.9969619
0.007998943	0.99200106
0.002865672	0.9971343
0.0034380555	0.99656194
0.0035054088	0.9964946
0.0025548935	0.9974451
0.0036227107	0.9963773
0.0029954314	0.99700457
0.003983319	0.9960167
0.00343287	0.99656713
0.025259733	0.97474027
0.0031866431	0.99681336
0.0031902194	0.9968098
0.00461185	0.99538815
0.0025777817	0.9974222
0.5459406	0.45405942
0.0028184652	0.99718153
0.0028150678	0.99718493
0.0029584765	0.9970415
0.0025866628	0.99741334
0.23386526	0.76613474
0.42251408	0.5774859
0.0029554963	0.9970445
0.2149353	0.7850647
0.003190577	0.9968094
0.030331075	0.9696689
0.0034194589	0.99658054
0.0028182268	0.9971818
0.0029468536	0.99705315
0.002862215	0.9971378
0.002816856	0.99718314
0.00893265	0.99106735
0.9384232	0.061576776
0.0031343102	0.9968657
0.0030315518	0.99696845
0.002946496	0.9970535
0.0029124618	0.99708754
0.00438112	0.9956189
0.004010141	0.99598986
0.0026569963	0.997343
0.0036462545	0.99635375
0.002797246	0.99720275
0.0027521253	0.9972479
0.002944827	0.9970552
0.0027521253	0.9972479
0.039267182	0.9607328
0.0073781013	0.9926219
0.00350219	0.9964978
0.0064591765	0.9935408
0.0035070777	0.9964929
0.0027558804	0.9972441
0.8848973	0.115102686
0.53334975	0.46665028
0.0027518868	0.9972481
0.8396568	0.16034323
0.8702649	0.12973513
0.0030224323	0.99697757
0.0027353764	0.9972646
0.056241155	0.94375885
0.0025647283	0.9974353
0.0028581023	0.9971419
0.0042660832	0.9957339
0.82581353	0.17418647
0.5314543	0.4685457
0.0026904345	0.99730957
0.0027377605	0.99726224
0.0028829575	0.99711704
0.0029998422	0.99700016
0.0026202798	0.9973797
0.004462123	0.9955379
0.0027618408	0.99723816
0.0033394098	0.9966606
0.002862811	0.9971372
0.0029263496	0.99707365
0.98907036	0.0109296655
0.0030160546	0.99698395
0.0027886033	0.9972114
0.0030219555	0.99697804
0.00898546	0.99101454
0.0026968718	0.9973031
0.03576827	0.9642317
0.2957198	0.7042802
0.0029799342	0.99702007
0.0034290552	0.99657094
0.0027295947	0.9972704
0.004753053	0.99524695
0.0026715994	0.9973284
0.0030659437	0.99693406
0.014032304	0.9859677
0.0035923123	0.9964077
0.0027647614	0.99723524
0.002779603	0.9972204
0.0027353764	0.9972646
0.0034981966	0.9965018
0.0028986335	0.99710137
0.0030588508	0.99694115
0.0026399493	0.99736005
0.0028708577	0.99712914
0.0062200427	0.99377996
0.0031300187	0.99687
0.0027348995	0.9972651
0.98884773	0.011152251
0.0026872754	0.9973127
0.0031038523	0.99689615
0.9899096	0.01009043
0.9083455	0.09165449
0.84937394	0.15062603
0.9045609	0.09543906
0.03986931	0.9601307
0.006731689	0.9932683
0.9681926	0.031807408
0.9911784	0.008821581
0.9843281	0.015671887
0.98760706	0.012392916
0.9688216	0.031178389
0.027791023	0.972209
0.32344282	0.6765572
0.98633605	0.013663929
0.9909968	0.0090032155
0.97369665	0.026303345
0.99123734	0.00876268
0.9910683	0.00893168
0.99074054	0.009259492
0.98615617	0.01384385
0.9598513	0.04014868
0.9357141	0.06428587
0.99217033	0.007829645
0.9852453	0.014754717
0.9914568	0.008543172
0.9217539	0.0782461
0.9694082	0.030591791
0.5848863	0.4151137
0.9887733	0.011226708
0.9868312	0.013168783
