Score_0	Score_1
0.0049611926	0.9950388
0.0005161762	0.9994838
0.06878996	0.93121004
0.0005004406	0.99949956
0.0018376708	0.9981623
0.014535487	0.9854645
0.00047922134	0.9995208
0.0004299283	0.9995701
0.0007007122	0.9992993
0.00058972836	0.9994103
0.04678291	0.9532171
0.0004918575	0.99950814
0.002595365	0.99740463
0.00043147802	0.9995685
0.5887212	0.41127878
0.00080507994	0.9991949
0.00055652857	0.9994435
0.0071882606	0.99281174
0.00052052736	0.9994795
0.12598163	0.8740184
0.0006567836	0.9993432
0.00056022406	0.9994398
0.00050508976	0.9994949
0.0005366206	0.9994634
0.0027939677	0.99720603
0.0010219812	0.998978
0.0007522106	0.9992478
0.87407273	0.12592728
0.00057578087	0.9994242
0.0022085905	0.9977914
0.0005556941	0.9994443
0.000546515	0.9994535
0.0009524226	0.9990476
0.0024582148	0.9975418
0.0009405017	0.9990595
0.39845175	0.60154825
0.36084735	0.63915265
0.00058829784	0.9994117
0.0004708767	0.9995291
0.0007454753	0.9992545
0.00074476004	0.99925524
0.001085639	0.99891436
0.00048482418	0.9995152
0.00045448542	0.9995455
0.00061392784	0.9993861
0.0004749298	0.99952507
0.00045448542	0.9995455
0.00043815374	0.99956185
0.00055378675	0.9994462
0.10093367	0.8990663
0.0010735393	0.99892646
0.0020406246	0.9979594
0.97141373	0.028586268
0.0042958856	0.9957041
0.00050604343	0.99949396
0.9844424	0.015557583
0.0009998679	0.99900013
0.00045400858	0.999546
0.010339141	0.98966086
0.006356597	0.9936434
0.0006261468	0.99937385
0.00044888258	0.9995511
0.00044220686	0.9995578
0.00050878525	0.9994912
0.0006517768	0.9993482
0.033932984	0.966067
0.31210864	0.68789136
0.8263531	0.17364694
0.00047647953	0.9995235
0.0004569292	0.9995431
0.0022554398	0.99774456
0.00044471025	0.9995553
0.0004988909	0.9995011
0.086797	0.913203
0.00049233437	0.99950767
0.0011194348	0.99888057
0.0020990372	0.99790096
0.00053328276	0.9994667
0.00063818693	0.9993618
0.0006041527	0.99939585
0.0005206466	0.99947935
0.00051778555	0.9994822
0.0023706555	0.99762934
0.00046682358	0.9995332
0.7144038	0.2855962
0.005633533	0.99436647
0.00047016144	0.99952984
0.00068438053	0.9993156
0.00044971704	0.9995503
0.00045591593	0.9995441
0.00044864416	0.99955136
0.0005469918	0.999453
0.0005695224	0.9994305
0.00044482946	0.9995552
0.00066560507	0.9993344
0.0006441474	0.99935585
0.0005658269	0.9994342
0.0023034215	0.9976966
0.00048553944	0.99951446
0.0004965067	0.9995035
0.00073593855	0.99926406
0.00052028894	0.9994797
0.14970207	0.8502979
0.00057661533	0.9994234
0.0009111166	0.9990889
0.9821484	0.017851572
0.0004300475	0.99956995
0.0007173419	0.99928266
0.96419275	0.03580727
0.50185573	0.49814427
0.99724114	0.0027588669
0.6833357	0.31666428
0.34796864	0.65203136
0.79462725	0.20537275
0.021035373	0.9789646
0.99530464	0.0046953363
0.91235226	0.08764774
0.5855149	0.4144851
0.94259995	0.05740006
0.13628423	0.86371577
0.0039408207	0.9960592
0.1958853	0.8041147
0.23487347	0.7651265
0.8063983	0.1936017
0.6154115	0.38458845
0.99438524	0.005614752
0.98688763	0.013112395
0.03521788	0.9647821
0.99509466	0.004905338
0.9832891	0.016710868
0.99794364	0.0020563342
0.99518585	0.0048141186
0.97774565	0.022254372
0.9978035	0.002196469
0.8331515	0.16684848
0.995325	0.004674995
0.975928	0.024071995
0.9492142	0.05078575
