Score_0	Score_1
0.00022619963	0.9997738
5.2690506e-05	0.9999473
0.00014901161	0.999851
0.00013053417	0.99986947
6.389618e-05	0.9999361
0.00010037422	0.9998996
4.887581e-05	0.9999511
0.00010585785	0.99989414
0.00024324656	0.99975675
5.1259995e-05	0.99994874
0.0017625093	0.9982375
4.8160553e-05	0.99995184
0.00012373924	0.99987626
0.00010430813	0.9998957
0.00027114153	0.99972886
7.891655e-05	0.9999211
0.00026673079	0.99973327
0.00021332502	0.9997867
4.4703484e-05	0.9999553
0.0030617714	0.9969382
8.690357e-05	0.9999131
6.234646e-05	0.99993765
0.000115036964	0.99988496
5.686283e-05	0.99994314
0.0016445518	0.99835545
0.00022011995	0.9997799
0.0010362864	0.9989637
0.16961652	0.8303835
6.8068504e-05	0.99993193
0.0059701204	0.9940299
6.651878e-05	0.9999335
4.4345856e-05	0.99995565
5.00679e-05	0.99994993
5.018711e-05	0.9999498
7.021427e-05	0.9999298
0.00081664324	0.99918336
0.9464295	0.05357054
9.9658966e-05	0.99990034
4.4822693e-05	0.9999552
4.887581e-05	0.9999511
4.5776367e-05	0.9999542
0.00025516748	0.99974483
9.1314316e-05	0.9999087
4.553795e-05	0.99995446
0.0018761754	0.9981238
7.247925e-05	0.9999275
5.6147575e-05	0.99994385
4.6014786e-05	0.999954
7.9631805e-05	0.99992037
0.0018299818	0.99817
0.012897313	0.9871027
6.937981e-05	0.9999306
0.0003836155	0.9996164
0.0047005415	0.99529946
3.9100647e-05	0.9999609
0.9884456	0.011554429
0.00021058321	0.9997894
4.0888786e-05	0.9999591
0.10535771	0.8946423
0.025837123	0.9741629
4.2796135e-05	0.9999572
4.4941902e-05	0.99995506
0.077727914	0.9222721
4.1365623e-05	0.99995863
0.00036144257	0.99963856
0.00040072203	0.9995993
0.24416423	0.7558358
0.95666385	0.043336146
4.9948692e-05	0.99995005
5.2571297e-05	0.9999474
0.097837925	0.9021621
7.6413155e-05	0.9999236
4.4941902e-05	0.99995506
9.405613e-05	0.99990594
4.374981e-05	0.99995625
0.00034737587	0.9996526
0.0002593398	0.99974066
4.2438507e-05	0.99995756
0.985731	0.014268978
0.0001616478	0.99983835
4.386902e-05	0.99995613
4.0769577e-05	0.99995923
0.00016951561	0.9998305
4.0650368e-05	0.99995935
0.0033829808	0.996617
0.28522414	0.71477586
4.839897e-05	0.9999516
8.177757e-05	0.9999182
4.7326088e-05	0.9999527
0.00028413534	0.99971586
3.8981438e-05	0.999961
4.6133995e-05	0.99995387
0.00088232756	0.9991177
9.250641e-05	0.9999075
4.851818e-05	0.9999515
4.5776367e-05	0.9999542
4.1007996e-05	0.999959
6.663799e-05	0.99993336
4.1604042e-05	0.9999584
5.6505203e-05	0.9999435
5.2571297e-05	0.9999474
4.506111e-05	0.99995494
0.00014066696	0.99985933
0.00013816357	0.99986184
5.1021576e-05	0.999949
0.9961482	0.003851787
3.886223e-05	0.99996114
6.41346e-05	0.99993587
0.99860275	0.0013972237
0.9617131	0.038286913
0.8122892	0.18771082
0.5951941	0.4048059
0.0038178563	0.99618214
0.6671127	0.33288726
0.99844605	0.0015539452
0.99894583	0.0010541707
0.9988896	0.0011103859
0.9948717	0.0051283394
0.9987858	0.0012141856
0.0036239028	0.9963761
0.78330386	0.21669616
0.9949091	0.005090872
0.99873745	0.0012625194
0.606595	0.39340502
0.9987298	0.0012701711
0.9990191	0.0009809018
0.9905209	0.009479125
0.98155034	0.018449692
0.26470196	0.73529804
0.9986932	0.001306745
0.99884486	0.0011551144
0.9991063	0.0008937151
0.99827015	0.0017298227
0.9989455	0.0010545303
0.99884784	0.0011521385
0.9980076	0.0019924187
0.99756235	0.002437623
0.99909353	0.00090646686
