Score_0	Score_1
0.00066679716	0.9993332
4.172325e-06	0.9999958
4.8279762e-05	0.9999517
0.00015079975	0.9998492
3.9696693e-05	0.9999603
1.5258789e-05	0.99998474
2.503395e-06	0.9999975
9.083748e-05	0.99990916
5.2928925e-05	0.9999471
1.1920929e-06	0.9999988
0.010971785	0.9890282
6.914139e-06	0.9999931
0.00010049343	0.9998995
1.9788742e-05	0.9999802
0.00010895729	0.99989104
2.014637e-05	0.99997985
4.9352646e-05	0.99995065
3.516674e-05	0.99996483
7.390976e-06	0.9999926
0.00369972	0.9963003
2.7418137e-05	0.9999726
0.00017946959	0.99982053
3.7670135e-05	0.99996233
2.1457672e-05	0.99997854
0.0022003055	0.9977997
5.90086e-05	0.999941
0.0006941557	0.99930584
0.024183214	0.9758168
3.552437e-05	0.9999645
0.0853163	0.9146837
0.00016856194	0.99983144
7.1525574e-06	0.99999285
6.3180923e-06	0.9999937
6.556511e-06	0.99999344
3.8981438e-05	0.999961
0.00023525953	0.99976474
0.8755431	0.12445687
1.50203705e-05	0.999985
5.2452087e-06	0.99999475
4.053116e-06	0.99999595
2.0503998e-05	0.9999795
0.00047051907	0.9995295
0.0004031062	0.9995969
1.9788742e-05	0.9999802
0.00045716763	0.99954283
0.00014901161	0.999851
6.2942505e-05	0.99993706
7.557869e-05	0.9999244
0.00052267313	0.9994773
0.0025482774	0.9974517
0.015016973	0.984983
5.7935715e-05	0.99994206
0.0004749298	0.99952507
0.00078070164	0.9992193
6.556511e-06	0.99999344
0.8693328	0.13066722
9.1552734e-05	0.99990845
2.3841858e-06	0.9999976
0.14849418	0.8515058
0.009801745	0.99019825
1.0371208e-05	0.9999896
1.2040138e-05	0.99998796
0.0069363713	0.9930636
7.1525574e-07	0.9999993
8.21352e-05	0.99991786
0.0013503432	0.99864966
0.2681908	0.7318092
0.93099135	0.06900866
3.5762787e-06	0.9999964
1.8119812e-05	0.9999819
0.022303998	0.977696
1.835823e-05	0.99998164
5.00679e-06	0.999995
1.1444092e-05	0.99998856
1.1920929e-06	0.9999988
0.00010752678	0.9998925
0.00026899576	0.999731
5.2452087e-06	0.99999475
0.9848606	0.015139408
0.00016331673	0.9998367
1.0728836e-06	0.9999989
1.013279e-05	0.99998987
0.00021344423	0.99978656
1.0371208e-05	0.9999896
0.0042663217	0.9957337
0.057705283	0.9422947
1.9073486e-06	0.9999981
0.000108003616	0.999892
0.00021129847	0.9997887
0.022713602	0.9772864
4.2915344e-06	0.9999957
8.702278e-06	0.9999913
0.00029212236	0.9997079
1.168251e-05	0.9999883
7.855892e-05	0.99992144
6.318092e-05	0.9999368
9.775162e-06	0.9999902
0.0001502037	0.9998498
5.841255e-06	0.99999416
0.00011050701	0.9998895
2.0503998e-05	0.9999795
1.3113022e-06	0.9999987
4.553795e-05	0.99995446
0.00025838614	0.9997416
2.1457672e-06	0.99999785
0.9965852	0.0034147934
2.861023e-06	0.99999714
1.13248825e-05	0.9999887
0.99891824	0.0010817653
0.13414264	0.86585736
0.63940763	0.36059234
0.42186624	0.57813376
0.00601846	0.99398154
0.31126833	0.6887317
0.97806704	0.02193299
0.99856865	0.0014313583
0.99828625	0.001713739
0.8702672	0.1297328
0.99164647	0.008353511
0.01595229	0.9840477
0.058737695	0.9412623
0.9927851	0.00721493
0.9998211	0.00017886996
0.79356265	0.20643736
0.9974973	0.0025026929
0.9999164	8.359945e-05
0.99793416	0.0020658327
0.9280444	0.07195562
0.86208814	0.13791187
0.99796367	0.002036361
0.9996839	0.0003160805
0.99220663	0.007793371
0.9989251	0.0010748806
0.99884486	0.0011551584
0.9975372	0.0024628046
0.9595771	0.040422913
0.9915131	0.008486948
0.9975391	0.0024608895
