Score_0	Score_1
0.2517789	0.7482211
0.0032464862	0.9967535
0.1763447	0.8236553
0.0028583407	0.99714166
0.0037715435	0.99622846
0.010751665	0.98924834
0.0028505921	0.9971494
0.0032759309	0.99672407
0.005608499	0.9943915
0.005898893	0.9941011
0.077311456	0.92268854
0.004961431	0.99503857
0.005992174	0.9940078
0.005377412	0.9946226
0.022907615	0.9770924
0.0033685565	0.99663144
0.0036756396	0.99632436
0.00302279	0.9969772
0.0026977062	0.9973023
0.6947442	0.3052558
0.0028586984	0.9971413
0.0029492378	0.99705076
0.003019154	0.99698085
0.0057763457	0.99422365
0.14392304	0.85607696
0.97914505	0.020854935
0.0033100843	0.9966899
0.48275518	0.5172448
0.0038204193	0.9961796
0.96174264	0.038257387
0.003327489	0.9966725
0.0027979612	0.99720204
0.008892179	0.9911078
0.0037287474	0.99627125
0.003926277	0.9960737
0.007787943	0.99221206
0.97975856	0.020241411
0.0029987693	0.99700123
0.00313735	0.99686265
0.0036532283	0.9963468
0.0032402873	0.9967597
0.0071109533	0.99288905
0.0049102902	0.9950897
0.0040988326	0.99590117
0.007368803	0.9926312
0.0027481914	0.9972518
0.00566262	0.9943374
0.0037837625	0.99621624
0.00566262	0.9943374
0.015666664	0.98433334
0.4047953	0.5952047
0.0044230223	0.995577
0.010350108	0.9896499
0.012393177	0.9876068
0.0028710961	0.9971289
0.98510927	0.014890743
0.011853039	0.98814696
0.0031944513	0.99680555
0.8850645	0.11493554
0.8882908	0.111709185
0.0032488108	0.9967512
0.002979219	0.9970208
0.012604535	0.98739547
0.0031596422	0.99684036
0.0038392544	0.99616075
0.003817737	0.99618226
0.23453861	0.7654614
0.15091127	0.8490887
0.0030978918	0.9969021
0.003148973	0.996851
0.0250327	0.9749673
0.0030900836	0.9969099
0.0027441382	0.99725586
0.0033810139	0.996619
0.0028840303	0.99711597
0.0042734146	0.9957266
0.005754173	0.9942458
0.003430605	0.9965694
0.8764132	0.12358678
0.0036973953	0.9963026
0.0027466416	0.99725336
0.0044893026	0.9955107
0.0048186183	0.9951814
0.003074348	0.99692565
0.026866317	0.9731337
0.19903243	0.8009676
0.0030323863	0.9969676
0.0035011768	0.9964988
0.002816856	0.99718314
0.0029075146	0.9970925
0.0029815435	0.99701846
0.0059149265	0.9940851
0.01691091	0.9830891
0.0037024617	0.99629754
0.005191982	0.994808
0.003344655	0.99665534
0.0036014318	0.99639857
0.0036683679	0.99633163
0.0042572618	0.99574274
0.004141867	0.99585813
0.0031896234	0.9968104
0.0032054782	0.9967945
0.014682174	0.9853178
0.008328915	0.9916711
0.0030135512	0.99698645
0.9079235	0.09207648
0.0032365322	0.99676347
0.003970623	0.9960294
0.98616904	0.013830936
0.36824816	0.63175184
0.9635091	0.036490947
0.807992	0.19200799
0.006050825	0.9939492
0.00616318	0.9938368
0.98314446	0.016855555
0.91318333	0.08681668
0.9758321	0.024167888
0.9753565	0.024643471
0.73304427	0.2669557
0.8829863	0.117013685
0.95699954	0.04300048
0.9797829	0.020217102
0.99096894	0.009031069
0.9836235	0.016376495
0.9891059	0.010894119
0.99120003	0.008799951
0.97734594	0.022654032
0.9086615	0.091338545
0.95748496	0.042515032
0.9167326	0.083267406
0.99003476	0.009965216
0.9322009	0.06779906
0.98080474	0.01919525
0.94943124	0.050568745
0.91520035	0.08479964
0.972051	0.027948976
0.88380027	0.11619972
0.9770144	0.022985592
