Score_0	Score_1
0.0074632405	0.9925367
0.0008558154	0.9991442
0.025744164	0.97425586
0.043654144	0.9563459
0.010684693	0.98931533
0.0042581083	0.99574184
0.0029835342	0.99701643
0.008116746	0.9918833
0.0056725144	0.9943274
0.00113976	0.99886024
0.010447395	0.9895526
0.014030516	0.9859694
0.021572173	0.97842777
0.0027843833	0.99721557
0.05967754	0.9403225
0.008584296	0.9914157
0.006068063	0.99393195
0.0087887645	0.9912113
0.0016710758	0.99832886
0.029755747	0.9702443
0.002000594	0.99799937
0.003395009	0.99660504
0.004050112	0.9959499
0.13176997	0.86823
0.09045269	0.9095473
0.051684357	0.9483156
0.013032436	0.98696756
0.024993444	0.97500646
0.0082269665	0.991773
0.069466196	0.93053377
0.005775869	0.9942242
0.01108557	0.9889145
0.0012171387	0.9987828
0.005370736	0.99462926
0.004479134	0.9955209
0.0064547537	0.99354523
0.39696398	0.603036
0.0016593098	0.9983407
0.0040127994	0.99598724
0.0010222315	0.9989778
0.0026628138	0.99733716
0.008857489	0.99114245
0.049480867	0.9505192
0.00783056	0.9921694
0.20450652	0.7954935
0.0077995183	0.9922005
0.014756262	0.9852437
0.01847608	0.9815239
0.032475196	0.9675248
0.1744184	0.82558167
0.033643436	0.9663566
0.006327069	0.99367297
0.11156361	0.88843644
0.24374536	0.75625455
0.0015998005	0.9984002
0.21078026	0.78921974
0.016000926	0.9839991
0.00056555273	0.9994345
0.26904696	0.7309531
0.49092603	0.509074
0.0012203336	0.9987796
0.004955113	0.9950449
0.3374975	0.66250247
0.0008250594	0.99917495
0.0023276447	0.9976724
0.043995105	0.9560049
0.23656571	0.76343423
0.41172114	0.5882789
0.0027674555	0.99723256
0.035178624	0.96482146
0.12130954	0.8786904
0.036101628	0.96389836
0.0013823152	0.99861765
0.0019298792	0.9980701
0.0011474848	0.99885255
0.0032073974	0.9967926
0.04567604	0.95432395
0.0018173695	0.9981826
0.10016048	0.8998395
0.0017385125	0.99826145
0.0016195535	0.9983805
0.0015282988	0.9984716
0.15895844	0.84104156
0.004903829	0.9950962
0.34623665	0.6537633
0.14579077	0.85420924
0.0021146298	0.99788535
0.0025727511	0.9974273
0.040421985	0.95957804
0.007222676	0.9927772
0.0038106441	0.9961894
0.0019243478	0.99807566
0.012977183	0.98702276
0.0043685436	0.9956314
0.038548864	0.9614512
0.0018066168	0.9981934
0.0017211795	0.9982788
0.0044442057	0.99555576
0.009561849	0.9904381
0.016271388	0.9837286
0.026222765	0.9737772
0.00084780453	0.9991522
0.011880601	0.9881194
0.078466594	0.9215334
0.0018635035	0.9981365
0.8620807	0.13791932
0.0015645385	0.9984355
0.0074340226	0.99256593
0.92166376	0.07833624
0.41669124	0.5833087
0.34038025	0.65961975
0.59250295	0.40749708
0.16513643	0.83486354
0.41369772	0.5863022
0.2796505	0.7203495
0.38430494	0.61569506
0.8149071	0.18509291
0.2933386	0.7066614
0.4957141	0.50428593
0.20630734	0.7936927
0.3762721	0.6237279
0.9070767	0.09292329
0.9057786	0.09422137
0.6505745	0.3494255
0.7566198	0.24338023
0.94080627	0.059193738
0.6984186	0.30158138
0.27143222	0.72856784
0.4737957	0.5262043
0.6902183	0.30978167
0.483205	0.51679504
0.49386826	0.5061317
0.8612056	0.13879447
0.6848566	0.31514338
0.61933744	0.38066256
0.34830981	0.6516902
0.75775814	0.24224181
0.70632017	0.29367983
