Score_0	Score_1
0.032293033	0.96770686
0.006297982	0.99370205
0.015637707	0.9843623
0.06488369	0.9351164
0.017798971	0.982201
0.013954734	0.98604524
0.009251666	0.9907484
0.014887655	0.98511237
0.015714895	0.9842852
0.00562011	0.9943799
0.04092101	0.95907897
0.021481026	0.97851896
0.046748854	0.9532512
0.0067383647	0.99326164
0.024778914	0.97522104
0.015607929	0.98439205
0.018244635	0.9817554
0.018379997	0.98162
0.0052809953	0.9947189
0.07714764	0.92285234
0.006307876	0.9936921
0.011131644	0.98886836
0.009856379	0.9901436
0.1455424	0.85445756
0.044583417	0.95541656
0.037285008	0.96271497
0.034987282	0.9650127
0.061733365	0.93826663
0.027893007	0.97210705
0.12105352	0.8789465
0.022741545	0.9772585
0.033113502	0.9668865
0.005647576	0.99435246
0.010615158	0.98938483
0.010651517	0.98934853
0.018214751	0.9817852
0.60478	0.39522
0.0049803853	0.9950196
0.00903629	0.99096376
0.0054403665	0.99455965
0.0081323385	0.99186766
0.01971506	0.98028487
0.17868958	0.8213104
0.019698251	0.9803017
0.1913343	0.80866563
0.010033322	0.9899667
0.02812693	0.9718731
0.04029112	0.95970887
0.045850538	0.9541494
0.10072209	0.89927787
0.05972264	0.9402773
0.013764	0.986236
0.08743513	0.9125649
0.2196342	0.7803658
0.0064333556	0.99356663
0.25011888	0.74988115
0.026358819	0.9736412
0.0038776635	0.99612236
0.6064675	0.3935325
0.38775954	0.6122405
0.0049064755	0.9950935
0.017280638	0.9827193
0.33792612	0.6620739
0.0044751763	0.99552476
0.007800877	0.9921991
0.118094385	0.8819057
0.21939974	0.78060025
0.2419559	0.75804406
0.008280111	0.9917199
0.056239225	0.94376075
0.25920525	0.7407948
0.031115662	0.9688843
0.0058875917	0.9941124
0.007803285	0.99219674
0.0059917094	0.99400824
0.0060474873	0.9939526
0.04286424	0.9571358
0.0082268715	0.9917731
0.18147738	0.81852263
0.007947993	0.99205196
0.006845677	0.99315435
0.0066648843	0.9933351
0.1626598	0.8373402
0.01083293	0.9891671
0.27131933	0.7286807
0.14338048	0.8566195
0.010502863	0.98949707
0.009553122	0.9904469
0.03842529	0.9615747
0.024846101	0.9751539
0.0071866987	0.9928133
0.0063537955	0.99364626
0.022766601	0.9772334
0.011320424	0.9886795
0.07331177	0.9266883
0.0055266498	0.99447334
0.005093515	0.99490654
0.008971309	0.99102867
0.020622123	0.9793779
0.027704965	0.9722951
0.039400686	0.9605993
0.005982804	0.99401724
0.01987592	0.9801241
0.07990806	0.920092
0.0052803517	0.9947197
0.7425951	0.25740486
0.0046017407	0.9953982
0.016546046	0.9834539
0.92159367	0.07840641
0.34115434	0.65884566
0.47363415	0.5263659
0.54095006	0.45904994
0.42509285	0.5749072
0.38927776	0.61072224
0.25046924	0.7495308
0.53366023	0.46633983
0.66269135	0.3373086
0.16609764	0.83390236
0.4465541	0.55344594
0.23648925	0.76351076
0.2873853	0.71261466
0.7790564	0.22094364
0.59003776	0.40996227
0.5573661	0.44263396
0.8286501	0.17134996
0.90454894	0.09545113
0.7756361	0.2243639
0.19562733	0.80437267
0.64737177	0.3526282
0.75336707	0.24663293
0.57253516	0.4274648
0.44178596	0.55821407
0.81860864	0.1813913
0.61621696	0.38378304
0.5251568	0.4748432
0.408948	0.591052
0.71406674	0.2859333
0.74453247	0.25546756
