Score_0	Score_1
0.02034464	0.9796554
9.580851e-05	0.99990416
0.052336764	0.9476632
0.009851527	0.9901484
0.00011911392	0.9998809
0.016224097	0.9837759
9.429455e-05	0.9999057
0.006354666	0.99364537
0.00012029409	0.9998797
5.238056e-05	0.99994755
0.0009800553	0.9990199
0.0010160089	0.998984
0.0013246059	0.99867547
0.00080057385	0.9991994
0.013234031	0.986766
0.011610294	0.9883897
0.0018782616	0.99812174
0.00462122	0.9953788
0.0005152106	0.99948484
0.2001353	0.7998647
0.00076352357	0.99923646
0.00053167343	0.9994683
0.0031081915	0.99689186
0.0038742064	0.9961258
0.41419697	0.58580303
0.20453279	0.7954672
0.0049629686	0.99503696
0.20082116	0.79917884
0.00086557865	0.9991344
0.12871018	0.87128985
0.00039892195	0.99960107
0.0001147151	0.9998854
6.2441824e-05	0.99993753
9.512901e-05	0.9999048
0.00011843443	0.99988157
0.018862296	0.98113775
0.990606	0.009394006
0.0021591424	0.9978409
0.00011863709	0.9998814
7.3623654e-05	0.9999264
0.0007204652	0.9992795
0.035645533	0.9643544
0.00069481134	0.9993051
6.186962e-05	0.99993813
0.076299414	0.92370063
0.00033875703	0.99966127
0.00043463707	0.9995653
0.0001837492	0.9998163
0.00043463707	0.9995653
0.41867304	0.58132696
0.04680861	0.9531914
0.00900346	0.99099654
0.46755618	0.5324439
0.811413	0.18858698
0.00029838085	0.9997016
0.27379715	0.72620285
0.0020082355	0.99799174
0.00012971163	0.9998703
0.37502056	0.62497944
0.5593588	0.44064125
0.00039802789	0.99960196
0.0003070116	0.99969304
0.0033552528	0.9966448
0.00019769669	0.9998023
0.0003589034	0.99964106
0.009743035	0.99025697
0.6786326	0.32136738
0.15888426	0.8411158
0.000104284285	0.99989575
0.0002664447	0.99973357
0.003497696	0.9965023
0.000691998	0.999308
0.00013335943	0.9998666
0.000114881994	0.9998851
0.000108003616	0.99989206
0.00027830602	0.9997217
0.032884944	0.96711504
0.0005672574	0.99943274
0.89528	0.10472002
0.00046219825	0.9995378
4.6253204e-05	0.99995375
0.00022298098	0.999777
0.019212902	0.9807871
0.00045250653	0.9995475
0.07499124	0.9250088
0.13619098	0.863809
0.00014512539	0.99985486
0.00012557507	0.9998744
0.0011198163	0.9988802
0.0016490578	0.998351
0.00036447047	0.9996355
4.5084955e-05	0.9999549
0.08248323	0.9175167
0.00034291745	0.99965703
0.0034977198	0.9965023
0.00081995723	0.99918014
0.00053869485	0.99946135
0.0023506642	0.9976493
0.00013805628	0.9998619
0.0007494092	0.9992506
0.0002580285	0.99974203
7.648468e-05	0.9999235
0.014057612	0.98594236
0.0055151703	0.9944848
5.1641466e-05	0.9999483
0.6881262	0.31187382
0.00058658124	0.9994134
0.00049322844	0.9995068
0.97482795	0.025172051
0.9622656	0.03773441
0.8453202	0.15467978
0.6479173	0.35208273
0.23719963	0.76280034
0.0015948415	0.99840516
0.796768	0.203232
0.8407925	0.15920752
0.9631017	0.036898304
0.6488859	0.3511141
0.98815125	0.011848768
0.4048086	0.59519136
0.14240173	0.8575983
0.8240569	0.1759431
0.99506885	0.004931131
0.97779053	0.022209456
0.99276274	0.0072371834
0.99440366	0.005596342
0.9179783	0.08202173
0.027306532	0.97269356
0.44836965	0.5516303
0.9253279	0.07467209
0.99439794	0.005602089
0.76127607	0.23872395
0.80793536	0.19206466
0.20152012	0.7984799
0.7652421	0.2347579
0.23187356	0.7681264
0.894277	0.105723
0.9929221	0.0070779347
