Score_0	Score_1
0.069421425	0.9305786
0.00014557838	0.99985445
0.30201262	0.6979874
0.0007978201	0.99920225
0.00013792515	0.9998621
0.041399397	0.95860064
0.00014542342	0.99985456
0.005526626	0.99447334
0.042747546	0.9572524
0.0006656766	0.99933434
0.041149724	0.95885026
0.004893315	0.9951067
0.0030702949	0.99692976
0.005526626	0.99447334
0.68339986	0.31660014
0.005971146	0.9940289
0.00089951756	0.9991005
0.000348258	0.9996518
0.00016157627	0.99983835
0.97293407	0.027065966
0.0002690196	0.99973094
0.00037710665	0.99962294
0.00043821335	0.9995618
0.0019524575	0.99804753
0.7425989	0.25740117
0.33206153	0.6679385
0.00029878615	0.9997012
0.76820076	0.23179917
0.0006244302	0.99937564
0.84669435	0.15330563
0.0038553118	0.99614465
0.00014802217	0.999852
0.00032486915	0.9996751
0.0031471967	0.99685276
0.0003281474	0.9996718
0.0052238465	0.9947761
0.74615	0.25385004
0.0013110042	0.998689
5.571842e-05	0.9999443
0.00032486915	0.9996751
0.0006305814	0.99936944
0.0072195292	0.9927805
0.00082855223	0.99917144
0.00015642642	0.9998436
0.052214287	0.94778574
5.648136e-05	0.99994355
7.638931e-05	0.9999236
0.00018786192	0.9998121
7.638931e-05	0.9999236
0.14435771	0.8556423
0.6600458	0.33995414
0.001097548	0.99890244
0.25375128	0.7462487
0.041730203	0.9582698
8.924007e-05	0.9999107
0.7112509	0.2887491
0.06307691	0.93692315
0.00013523102	0.99986476
0.8185436	0.18145642
0.57148725	0.42851275
0.0003767848	0.9996232
0.0002960682	0.999704
0.019782364	0.98021764
0.0001810193	0.999819
0.00046532153	0.9995346
0.001211989	0.998788
0.12645671	0.87354326
0.20447683	0.79552317
0.00026069878	0.9997393
0.0026372075	0.9973628
0.00064914225	0.99935085
0.00050634146	0.9994936
7.535219e-05	0.99992466
0.0069246767	0.99307525
0.00021322965	0.99978673
0.00077894924	0.999221
0.008002734	0.99199724
0.00041404963	0.9995859
0.8057644	0.19423558
0.00064861774	0.9993514
1.6236305e-05	0.9999838
7.390976e-05	0.9999261
0.0054514287	0.9945486
7.112026e-05	0.99992883
0.09081788	0.9091821
0.2953726	0.7046274
0.000102579594	0.99989736
0.00034132003	0.9996587
0.0002589941	0.99974096
0.00020012856	0.9997999
0.00016713142	0.9998329
8.341074e-05	0.9999167
0.0073387623	0.9926612
0.00025179386	0.9997481
0.0009635806	0.99903643
0.00044953823	0.99955046
0.00014793873	0.99985206
0.001399076	0.99860096
8.268356e-05	0.9999173
0.0004797101	0.9995203
4.2104723e-05	0.99995786
7.499456e-05	0.999925
0.0048917057	0.9951083
0.017611634	0.9823884
6.3443185e-05	0.9999366
0.84608954	0.15391044
0.00013619661	0.9998638
0.00097005366	0.99902993
0.9891685	0.01083144
0.8579048	0.1420952
0.9651642	0.034835808
0.800158	0.19984199
0.37766495	0.622335
0.014812482	0.98518753
0.9843238	0.015676234
0.9664589	0.033541135
0.9111911	0.088808924
0.42069188	0.5793081
0.68513834	0.31486166
0.009523297	0.9904766
0.9881345	0.011865514
0.34484783	0.6551522
0.9920087	0.007991293
0.2675093	0.73249066
0.995437	0.004562883
0.98498553	0.01501444
0.9779466	0.022053424
0.9088523	0.09114776
0.99307334	0.006926599
0.94726163	0.05273834
0.99811935	0.0018806756
0.0985736	0.90142643
0.9871745	0.012825551
0.9735993	0.026400644
0.8224033	0.17759669
0.93191034	0.06808968
0.7145899	0.2854101
0.9783422	0.021657841
