Score_0	Score_1
0.836162	0.163838
0.0025354982	0.9974645
0.15813012	0.84186995
0.00048607588	0.9995139
0.000970006	0.99903
0.02519325	0.9748068
0.0002623558	0.9997376
0.00047763585	0.9995224
0.051789023	0.9482109
0.010900247	0.9890997
0.46095544	0.53904456
0.0010756731	0.9989244
0.019247103	0.98075294
0.0016345382	0.9983654
0.21489087	0.78510916
0.0017116547	0.99828833
0.00035179855	0.9996482
0.0007073164	0.9992927
0.00023682117	0.9997632
0.46757832	0.5324217
0.00030531883	0.9996947
0.00048120023	0.99951875
0.00056124927	0.99943876
0.001596868	0.9984032
0.16898136	0.8310186
0.8731866	0.12681341
0.0012106181	0.9987894
0.5218954	0.4781046
0.0017987251	0.99820125
0.67951477	0.3204853
0.0010968685	0.99890316
0.0003165245	0.9996835
0.00304569	0.9969543
0.016731774	0.98326814
0.0042989017	0.995701
0.020555293	0.9794447
0.9340256	0.065974414
0.00034730433	0.99965274
0.00026552676	0.9997345
0.0013453126	0.9986547
0.00060236454	0.99939764
0.024373662	0.97562635
0.0008762479	0.99912375
0.0022424222	0.99775755
0.05977545	0.9402245
0.00026069878	0.9997393
0.024796259	0.9752037
0.0005923033	0.99940765
0.024796259	0.9752037
0.46741438	0.5325857
0.7998361	0.20016389
0.0025037646	0.99749625
0.4871537	0.51284635
0.073404945	0.92659503
0.00025260448	0.99974746
0.89346075	0.10653927
0.003447187	0.9965528
0.000274086	0.99972594
0.6927826	0.30721742
0.5500099	0.4499901
0.00074281695	0.9992572
0.00030391215	0.9996961
0.01451813	0.98548186
0.00041029454	0.99958974
0.00073462725	0.9992654
0.0016134024	0.99838656
0.834294	0.16570601
0.21805906	0.78194094
0.0005386233	0.99946135
0.0016660213	0.99833393
0.60119313	0.39880687
0.00044113398	0.9995588
0.00031763315	0.9996823
0.0072454573	0.9927546
0.0004278898	0.99957216
0.00557096	0.994429
0.0058845044	0.9941155
0.002522373	0.99747765
0.8739893	0.12601076
0.0013252735	0.99867475
0.00037548543	0.99962455
0.00036656857	0.99963343
0.002253294	0.99774677
0.000270319	0.99972975
0.29744926	0.70255077
0.7262004	0.2737996
0.0022753	0.9977247
0.0005473018	0.9994527
0.00033060313	0.99966943
0.0003248453	0.99967515
0.00029565097	0.99970436
0.000928998	0.999071
0.01567849	0.9843215
0.0015841245	0.99841595
0.0015900254	0.99841005
0.0009058833	0.9990941
0.00033358336	0.9996664
0.0029360533	0.99706393
0.0010814667	0.99891853
0.0013473153	0.99865264
0.00088351965	0.9991164
0.0023575188	0.9976424
0.076176226	0.9238237
0.0008877277	0.99911225
0.0009533286	0.9990467
0.59404445	0.40595555
0.00031280518	0.9996872
0.0042859195	0.99571407
0.9788095	0.021190543
0.50957155	0.49042845
0.9680371	0.031962804
0.7251602	0.27483988
0.09393793	0.906062
0.024936462	0.9750635
0.97627574	0.02372423
0.89185303	0.10814695
0.76761025	0.23238973
0.9125198	0.08748013
0.76405	0.23595004
0.083492495	0.91650754
0.9485548	0.05144524
0.9789386	0.021061435
0.9156138	0.084386215
0.47974634	0.52025366
0.95885533	0.04114468
0.99618196	0.0038180177
0.9454144	0.054585524
0.60083854	0.39916143
0.8182192	0.18178077
0.501894	0.498106
0.8676551	0.1323449
0.7182009	0.28179908
0.9883116	0.011688458
0.94985676	0.050143205
0.69315374	0.30684632
0.63982236	0.3601776
0.7922353	0.20776466
0.9241214	0.07587861
