Score_0	Score_1
0.11002655	0.88997346
0.0023310543	0.99766904
0.13826963	0.8617304
0.002339995	0.99766004
0.006451583	0.9935484
0.24795023	0.7520498
0.00082654954	0.99917346
0.0010383248	0.99896175
0.07837379	0.9216262
0.0018725395	0.99812746
0.19529776	0.80470216
0.0018429399	0.99815714
0.005227244	0.99477273
0.0007152319	0.99928474
0.09062849	0.90937155
0.003060925	0.99693906
0.00076316594	0.99923676
0.048475005	0.9515249
0.0027271272	0.99727285
0.4151496	0.58485043
0.0023090243	0.997691
0.0013069272	0.9986931
0.0008358717	0.9991641
0.0011188745	0.99888116
0.08977232	0.91022766
0.03248974	0.96751034
0.031368338	0.9686316
0.11632528	0.88367474
0.0017067671	0.9982932
0.567732	0.43226805
0.0010914445	0.99890864
0.00069586036	0.9993041
0.0019363046	0.99806374
0.057122968	0.942877
0.11738449	0.88261545
0.4429802	0.5570198
0.32144538	0.6785546
0.0069684265	0.9930316
0.0017275333	0.9982724
0.0017517566	0.9982482
0.0017734527	0.9982265
0.023239518	0.9767605
0.0037700892	0.9962298
0.0019457221	0.9980542
0.009274924	0.99072504
0.002021134	0.99797887
0.0026212216	0.9973787
0.003872621	0.9961274
0.28268436	0.7173157
0.07908732	0.92091274
0.0996145	0.9003855
0.0054926993	0.9945073
0.5212361	0.47876388
0.081103005	0.91889703
0.0022225617	0.99777746
0.8874339	0.11256611
0.0043424964	0.99565756
0.0010356784	0.9989643
0.031455077	0.96854496
0.019999743	0.9800003
0.00291847	0.99708146
0.0012454868	0.9987545
0.0009475112	0.9990524
0.002877426	0.9971226
0.0067872526	0.9932128
0.0027408123	0.99725914
0.14981231	0.85018766
0.36412293	0.6358771
0.0024227262	0.9975773
0.0016355992	0.9983643
0.70821625	0.29178375
0.0007628679	0.9992372
0.0013564586	0.9986435
0.0012715459	0.99872845
0.0020670414	0.9979329
0.005799043	0.994201
0.019955909	0.98004407
0.0013094187	0.9986906
0.13174373	0.8682563
0.0008300304	0.99917
0.005325973	0.994674
0.0016578793	0.99834216
0.0021769286	0.99782306
0.0009886861	0.99901134
0.451078	0.54892194
0.02777133	0.9722287
0.0007287264	0.9992713
0.0010531426	0.99894685
0.0023671626	0.9976328
0.0032541514	0.9967459
0.0012057185	0.99879426
0.0018494844	0.9981505
0.0013963699	0.99860364
0.0007132649	0.9992868
0.0021718026	0.9978282
0.005311513	0.9946885
0.0026423216	0.9973577
0.0059533	0.9940467
0.0010059119	0.99899405
0.0012363077	0.9987637
0.006789553	0.9932105
0.0026072979	0.99739265
0.50937337	0.49062663
0.0030646801	0.99693525
0.017591547	0.9824085
0.75844103	0.24155898
0.0011286736	0.9988713
0.0034288527	0.9965712
0.80799943	0.19200058
0.6500546	0.3499455
0.90321463	0.09678535
0.17456928	0.8254307
0.05581864	0.94418144
0.7063864	0.29361364
0.16905312	0.8309468
0.69033396	0.30966607
0.7602968	0.23970313
0.09050097	0.90949905
0.5180726	0.48192734
0.8007329	0.19926713
0.08004613	0.91995394
0.36304694	0.63695306
0.81265306	0.18734695
0.8175621	0.18243787
0.90478027	0.09521972
0.72633743	0.27366257
0.567731	0.43226895
0.038226105	0.9617739
0.9422916	0.05770836
0.89632165	0.10367827
0.896543	0.103457
0.9090012	0.09099884
0.6992094	0.3007906
0.91795284	0.08204717
0.7267283	0.27327165
0.91371334	0.08628662
0.9302618	0.06973824
0.49610597	0.50389403
